shape_id,shape_pt_lat,shape_pt_lon,shape_pt_sequence
6503B9ABW,40.9344882539,-73.0526279869,1
6503B9ABW,40.9345009925,-73.0531174813,2
6503B9ABW,40.9344750382,-73.0538397768,3
6503B9ABW,40.9344038512,-73.0545572657,4
6503B9ABW,40.9343240588,-73.0552734128,5
6503B9ABW,40.9342442619,-73.0559895582,6
6503B9ABW,40.9341644606,-73.0567057019,7
6503B9ABW,40.9340846548,-73.0574218438,8
6503B9ABW,40.9340049511,-73.0581380043,9
6503B9ABW,40.9339252604,-73.0588541505,10
6503B9ABW,40.9338541208,-73.0595718135,11
6503B9ABW,40.9337938735,-73.0602909454,12
6503B9ABW,40.9337196224,-73.0610078833,13
6503B9ABW,40.9336779336,-73.0617287953,14
6503B9ABW,40.9337100044,-73.0624500583,15
6503B9ABW,40.9338110637,-73.0631603476,16
6503B9ABW,40.9339575318,-73.0638577041,17
6503B9ABW,40.9341127652,-73.0645519808,18
6503B9ABW,40.9342528676,-73.0652516079,19
6503B9ABW,40.9343568101,-73.0659619967,20
6503B9ABW,40.9344203568,-73.0666805646,21
6503B9ABW,40.9344329086,-73.0674032009,22
6503B9ABW,40.9343699937,-73.0681211501,23
6503B9ABW,40.9342355719,-73.0688213545,24
6503B9ABW,40.9340249277,-73.0694884816,25
6503B9ABW,40.9337544731,-73.0701177224,26
6503B9ABW,40.933467789,-73.0707349259,27
6503B9ABW,40.9332216322,-73.0713799116,28
6503B9ABW,40.9330759453,-73.0720748236,29
6503B9ABW,40.9330393444,-73.072793782,30
6503B9ABW,40.9331213377,-73.0735067612,31
6503B9ABW,40.9333144435,-73.074181006,32
6503B9ABW,40.9336072954,-73.0747905961,33
6503B9ABW,40.9339559735,-73.0753493357,34
6503B9ABW,40.934311439,-73.0759009064,35
6503B9ABW,40.9346641665,-73.0764554173,36
6503B9ABW,40.9349938453,-73.0770337494,37
6503B9ABW,40.9352902059,-73.0776425146,38
6503B9ABW,40.9355548778,-73.0782764113,39
6503B9ABW,40.9357851507,-73.0789329756,40
6503B9ABW,40.9359818541,-73.079608595,41
6503B9ABW,40.9361691807,-73.0802889743,42
6503B9ABW,40.9363249196,-73.0809817658,43
6503B9ABW,40.9363934661,-73.081697797,44
6503B9ABW,40.9363590233,-73.0824178101,45
6503B9ABW,40.936237877,-73.083121645,46
6503B9ABW,40.9360183573,-73.0837828619,47
6503B9ABW,40.9357282626,-73.0843964695,48
6503B9ABW,40.9354156594,-73.0849914667,49
6503B9ABW,40.935108748,-73.0855913817,50
6503B9ABW,40.9348444611,-73.0862245759,51
6503B9ABW,40.9346427792,-73.0868966811,52
6503B9ABW,40.9345169488,-73.0875995287,53
6503B9ABW,40.9344579854,-73.0883184267,54
6503B9ABW,40.9344080255,-73.0890386592,55
6503B9ABW,40.9342865547,-73.0897429865,56
6503B9ABW,40.9341093469,-73.0904275942,57
6503B9ABW,40.9339194406,-73.0911067287,58
6503B9ABW,40.9337303181,-73.0917862421,59
6503B9ABW,40.9335408672,-73.0924655942,60
6503B9ABW,40.9333505613,-73.093144529,61
6503B9ABW,40.9331604056,-73.093823535,62
6503B9ABW,40.9329707512,-73.0945027829,63
6503B9ABW,40.9327812915,-73.0951821233,64
6503B9ABW,40.9325922361,-73.0958616575,65
6503B9ABW,40.932402743,-73.0965409774,66
6503B9ABW,40.932213157,-73.0972202505,67
6503B9ABW,40.932022806,-73.0978991489,68
6503B9ABW,40.9318332377,-73.0985784264,69
6503B9ABW,40.9316436818,-73.0992577078,70
6503B9ABW,40.9314526379,-73.0999362615,71
6503B9ABW,40.9312625915,-73.100615301,72
6503B9ABW,40.9310739626,-73.1012950248,73
6503B9ABW,40.9308853387,-73.1019747468,74
6503B9ABW,40.9307177203,-73.1026634726,75
6503B9ABW,40.9305943381,-73.1033680995,76
6503B9ABW,40.9305123045,-73.1040835663,77
6503B9ABW,40.9304450054,-73.1048018668,78
6503B9ABW,40.93037657,-73.1055200066,79
6503B9ABW,40.9303086716,-73.1062382388,80
6503B9ABW,40.9302393201,-73.1069562289,81
6503B9ABW,40.9301697997,-73.1076741893,82
6503B9ABW,40.9301006256,-73.1083922067,83
6503B9ABW,40.9300324652,-73.1091103927,84
6503B9ABW,40.9299672507,-73.1098290193,85
6503B9ABW,40.9299247051,-73.110550417,86
6503B9ABW,40.9298959574,-73.1112731678,87
6503B9ABW,40.9298289821,-73.1119903924,88
6503B9ABW,40.9296891144,-73.1126890008,89
6503B9ABW,40.9294762355,-73.1133546172,90
6503B9ABW,40.9291954638,-73.1139752567,91
6503B9ABW,40.9288534383,-73.114539025,92
6503B9ABW,40.928462822,-73.1150471411,93
6503B9ABW,40.9280641033,-73.1155446004,94
6503B9ABW,40.9276661443,-73.1160431157,95
6503B9ABW,40.9272685021,-73.1165420505,96
6503B9ABW,40.9268826307,-73.117056558,97
6503B9ABW,40.9265212006,-73.1176007584,98
6503B9ABW,40.9261893756,-73.1181769199,99
6503B9ABW,40.9258889422,-73.1187821935,100
6503B9ABW,40.9256230618,-73.1194149078,101
6503B9ABW,40.9253901168,-73.1200698624,102
6503B9ABW,40.9252047367,-73.1207500959,103
6503B9ABW,40.9250722242,-73.1214519681,104
6503B9ABW,40.9249256434,-73.1221485803,105
6503B9ABW,40.9247307407,-73.1228248999,106
6503B9ABW,40.9245230741,-73.12349483,107
6503B9ABW,40.9243097733,-73.1241615904,108
6503B9ABW,40.9240620634,-73.1248062854,109
6503B9ABW,40.9237432625,-73.1253929395,110
6503B9ABW,40.9233579584,-73.1259066933,111
6503B9ABW,40.9229422576,-73.1263791355,112
6503B9ABW,40.9225189456,-73.1268397652,113
6503B9ABW,40.9220741796,-73.1272623446,114
6503B9ABW,40.9215984183,-73.1276226391,115
6503B9ABW,40.9211138792,-73.1279627098,116
6503B9ABW,40.9206289978,-73.1283019599,117
6503B9ABW,40.9201442101,-73.1286414405,118
6503B9ABW,40.919659128,-73.128980186,119
6503B9ABW,40.9191742572,-73.1293194442,120
6503B9ABW,40.9186949453,-73.129671694,121
6503B9ABW,40.9182321351,-73.1300603606,122
6503B9ABW,40.9177811789,-73.1304729359,123
6503B9ABW,40.9173299179,-73.1308849698,124
6503B9ABW,40.9168815313,-73.1313023306,125
6503B9ABW,40.9164534938,-73.1317543314,126
6503B9ABW,40.9160663088,-73.1322659844,127
6503B9ABW,40.9157178629,-73.1328247274,128
6503B9ABW,40.9153794418,-73.1333944718,129
6503B9ABW,40.9150421823,-73.1339654128,130
6503B9ABW,40.9147045273,-73.1345359468,131
6503B9ABW,40.9143678356,-73.1351074636,132
6503B9ABW,40.914030035,-73.1356778038,133
6503B9ABW,40.9136726022,-73.1362261469,134
6503B9ABW,40.9132600552,-73.1367003121,135
6503B9ABW,40.9127910358,-73.1370720029,136
6503B9ABW,40.9122804644,-73.1373328832,137
6503B9ABW,40.9117434294,-73.1374705939,138
6503B9ABW,40.9111960122,-73.137487546,139
6503B9ABW,40.910653469,-73.1373872239,140
6503B9ABW,40.9101192597,-73.1372214529,141
6503B9ABW,40.909586591,-73.1370466158,142
6503B9ABW,40.9090538336,-73.1368722503,143
6503B9ABW,40.9085202205,-73.13670268,144
6503B9ABW,40.9079807451,-73.136573457,145
6503B9ABW,40.9074337035,-73.1365537465,146
6503B9ABW,40.9068924454,-73.1366623976,147
6503B9ABW,40.9063737984,-73.1368933008,148
6503B9ABW,40.9058937976,-73.1372401321,149
6503B9ABW,40.9054560868,-73.1376755501,150
6503B9ABW,40.9050330922,-73.1381366672,151
6503B9ABW,40.9046126445,-73.1386018206,152
6503B9ABW,40.9041904085,-73.1390641409,153
6503B9ABW,40.9037613628,-73.1395151391,154
6503B9ABW,40.9033064329,-73.1399186425,155
6503B9ABW,40.9028202912,-73.1402529786,156
6503B9ABW,40.9023122651,-73.140525918,157
6503B9ABW,40.9017949096,-73.1407676842,158
6503B9ABW,40.9012769676,-73.1410073168,159
6503B9ABW,40.9007589981,-73.1412468476,160
6503B9ABW,40.9002405027,-73.1414843889,161
6503B9ABW,40.8997227275,-73.1417246594,162
6503B9ABW,40.8992050429,-73.1419652714,163
6503B9ABW,40.8986869472,-73.1422043463,164
6503B9ABW,40.8981688001,-73.1424432257,165
6503B9ABW,40.8976508492,-73.1426828403,166
6503B9ABW,40.8971328109,-73.1429221255,167
6503B9ABW,40.8966148774,-73.1431618028,168
6503B9ABW,40.8960968244,-73.1434010285,169
6503B9ABW,40.8955784185,-73.1436389222,170
6503B9ABW,40.8950600557,-73.1438769776,171
6503B9ABW,40.8945419448,-73.1441159777,172
6503B9ABW,40.8940241798,-73.1443562042,173
6503B9ABW,40.8935163905,-73.1446291831,174
6503B9ABW,40.8930385716,-73.1449821437,175
6503B9ABW,40.8926030731,-73.1454205697,176
6503B9ABW,40.892206867,-73.1459206567,177
6503B9ABW,40.8918241149,-73.1464391596,178
6503B9ABW,40.8914421705,-73.1469587148,179
6503B9ABW,40.8910588403,-73.1474764931,180
6503B9ABW,40.8906750453,-73.1479936708,181
6503B9ABW,40.8902911826,-73.1485107583,182
6503B9ABW,40.8899078695,-73.1490285491,183
6503B9ABW,40.8895256029,-73.1495476794,184
6503B9ABW,40.8891426495,-73.1500659268,185
6503B9ABW,40.888758658,-73.1505828354,186
6503B9ABW,40.8883754912,-73.1511008005,187
6503B9ABW,40.8879928863,-73.1516194862,188
6503B9ABW,40.8876100854,-73.1521379182,189
6503B9ABW,40.8872270054,-73.1526559884,190
6503B9ABW,40.8868434383,-73.1531734301,191
6503B9ABW,40.8864601595,-73.1536912397,192
6503B9ABW,40.8860772585,-73.1542095314,193
6503B9ABW,40.8856944222,-73.1547279031,194
6503B9ABW,40.8853115835,-73.1552462689,195
6503B9ABW,40.8849287424,-73.1557646287,196
6503B9ABW,40.884545899,-73.1562829825,197
6503B9ABW,40.8841630506,-73.156801327,198
6503B9ABW,40.8837798156,-73.1573191719,199
6503B9ABW,40.8833963098,-73.1578366661,200
6503B9ABW,40.883013063,-73.1583544901,201
6503B9ABW,40.8826301396,-73.1588727265,202
6503B9ABW,40.8822474839,-73.159391303,203
6503B9ABW,40.8818643415,-73.1599092523,204
6503B9ABW,40.881481305,-73.1604273346,205
6503B9ABW,40.8810984826,-73.1609456887,206
6503B9ABW,40.8807154901,-73.1614638217,207
6503B9ABW,40.8803322979,-73.1619816953,208
6503B9ABW,40.87994914,-73.1624996094,209
6503B9ABW,40.8795654548,-73.1630168405,210
6503B9ABW,40.8791843231,-73.1635373179,211
6503B9ABW,40.8788007442,-73.164054673,212
6503B9ABW,40.8784175235,-73.1645724937,213
6503B9ABW,40.878034447,-73.1650904968,214
6503B9ABW,40.8776508351,-73.1656078072,215
6503B9ABW,40.8772681197,-73.1661262689,216
6503B9ABW,40.8768851118,-73.1666443526,217
6503B9ABW,40.876502025,-73.1671623319,218
6503B9ABW,40.8761193981,-73.1676808973,219
6503B9ABW,40.875735874,-73.1681983074,220
6503B9ABW,40.8753530828,-73.1687166566,221
6503B9ABW,40.8749699976,-73.1692346264,222
6503B9ABW,40.8745868193,-73.1697524736,223
6503B9ABW,40.874204046,-73.1702708374,224
6503B9ABW,40.873820886,-73.1707887021,225
6503B9ABW,40.8734375531,-73.1713063415,226
6503B9ABW,40.8730550513,-73.1718250437,227
6503B9ABW,40.8726721902,-73.172343283,228
6503B9ABW,40.8722890615,-73.1728611763,229
6503B9ABW,40.8719055406,-73.1733785625,230
6503B9ABW,40.8715220989,-73.1738960477,231
6503B9ABW,40.8711395168,-73.1744146317,232
6503B9ABW,40.8707571222,-73.1749334538,233
6503B9ABW,40.8703741653,-73.1754515523,234
6503B9ABW,40.8699907786,-73.1759690964,235
6503B9ABW,40.8696076417,-73.1764869586,236
6503B9ABW,40.8692246324,-73.1770049815,237
6503B9ABW,40.8688418858,-73.1775233384,238
6503B9ABW,40.86845915,-73.1780417061,239
6503B9ABW,40.8680764102,-73.1785600658,240
6503B9ABW,40.8676931877,-73.1790778027,241
6503B9ABW,40.8673095847,-73.1795950481,242
6503B9ABW,40.8669259794,-73.1801122875,243
6503B9ABW,40.8665425438,-73.1806297421,244
6503B9ABW,40.8661595835,-73.1811478043,245
6503B9ABW,40.8657764282,-73.1816656132,246
6503B9ABW,40.8653931346,-73.1821832417,247
6503B9ABW,40.8650099045,-73.1827009487,248
6503B9ABW,40.8646260598,-73.1832178618,249
6503B9ABW,40.8642422029,-73.1837347562,250
6503B9ABW,40.8638590409,-73.1842525417,251
6503B9ABW,40.8634752394,-73.1847695009,252
6503B9ABW,40.8630910585,-73.1852859687,253
6503B9ABW,40.8627076947,-73.1858034858,254
6503B9ABW,40.8623253431,-73.1863222831,255
6503B9ABW,40.8619494167,-73.186849084,256
6503B9ABW,40.8615863685,-73.1873913159,257
6503B9ABW,40.8612282078,-73.1879392409,258
6503B9ABW,40.8608729209,-73.1884904082,259
6503B9ABW,40.8605188529,-73.1890429343,260
6503B9ABW,40.8601636028,-73.1895941403,261
6503B9ABW,40.8598083506,-73.1901453415,262
6503B9ABW,40.8594531911,-73.1906966435,263
6503B9ABW,40.8590980526,-73.1912479659,264
6503B9ABW,40.8587431782,-73.1917995803,265
6503B9ABW,40.8583910577,-73.1923542108,266
6503B9ABW,40.858063093,-73.1929332008,267
6503B9ABW,40.85778634,-73.1935565559,268
6503B9ABW,40.8575635897,-73.1942164988,269
6503B9ABW,40.8573731181,-73.1948944951,270
6503B9ABW,40.8571887489,-73.195575487,271
6503B9ABW,40.8570031858,-73.1962559154,272
6503B9ABW,40.856819251,-73.1969371089,273
6503B9ABW,40.8566335112,-73.1976174544,274
6503B9ABW,40.8564479195,-73.1982978676,275
6503B9ABW,40.8562637652,-73.1989789554,276
6503B9ABW,40.8560785624,-73.1996595484,277
6503B9ABW,40.8558927269,-73.20033984,278
6503B9ABW,40.8557070606,-73.2010201877,279
6503B9ABW,40.8555261878,-73.2017027411,280
6503B9ABW,40.8553476564,-73.2023861811,281
6503B9ABW,40.8552097493,-73.2030843597,282
6503B9ABW,40.8551450345,-73.2038011016,283
6503B9ABW,40.855147883,-73.2045234168,284
6503B9ABW,40.855173593,-73.2052455798,285
6503B9ABW,40.8552061458,-73.2059672327,286
6503B9ABW,40.8552699414,-73.2066845086,287
6503B9ABW,40.8554054832,-73.2073836707,288
6503B9ABW,40.8556131845,-73.2080515118,289
6503B9ABW,40.8558866579,-73.208677261,290
6503B9ABW,40.8561975717,-73.2092729557,291
6503B9ABW,40.8565131193,-73.2098645357,292
6503B9ABW,40.8568295202,-73.210455342,293
6503B9ABW,40.8571439978,-73.2110479313,294
6503B9ABW,40.8574590903,-73.2116399557,295
6503B9ABW,40.8577745144,-73.2122316742,296
6503B9ABW,40.8580898818,-73.2128234519,297
6503B9ABW,40.858404199,-73.2134161664,298
6503B9ABW,40.858695188,-73.2140284921,299
6503B9ABW,40.8589262066,-73.2146831502,300
6503B9ABW,40.8591120771,-73.2153632943,301
6503B9ABW,40.8592907982,-73.2160469168,302
6503B9ABW,40.8594679682,-73.2167312413,303
6503B9ABW,40.8596481668,-73.217414155,304
6503B9ABW,40.8598577761,-73.2180814781,305
6503B9ABW,40.8601443576,-73.2186954313,306
6503B9ABW,40.8605133647,-73.2192279479,307
6503B9ABW,40.8609323131,-73.2196945096,308
6503B9ABW,40.8613618074,-73.2201447863,309
6503B9ABW,40.8617932153,-73.2205918748,310
6503B9ABW,40.8622241491,-73.2210397636,311
6503B9ABW,40.8626545934,-73.2214884641,312
6503B9ABW,40.8630849512,-73.2219373193,313
6503B9ABW,40.8635150787,-73.2223865584,314
6503B9ABW,40.8639344189,-73.2228524993,315
6503B9ABW,40.8643077693,-73.2233808159,316
6503B9ABW,40.8646292298,-73.2239661994,317
6503B9ABW,40.8649294879,-73.2245714783,318
6503B9ABW,40.8652281037,-73.2251782069,319
6503B9ABW,40.8655258532,-73.2257856737,320
6503B9ABW,40.8658235453,-73.2263931802,321
6503B9ABW,40.8661237787,-73.2269985331,322
6503B9ABW,40.8664357663,-73.2275930314,323
6503B9ABW,40.8667938164,-73.228139401,324
6503B9ABW,40.8672054808,-73.228616145,325
6503B9ABW,40.867663388,-73.2290121722,326
6503B9ABW,40.8681558065,-73.2293306232,327
6503B9ABW,40.868657689,-73.229623496,328
6503B9ABW,40.8691595252,-73.2299165596,329
6503B9ABW,40.8696621654,-73.2302072255,330
6503B9ABW,40.8701649202,-73.2304975505,331
6503B9ABW,40.870667444,-73.2307885712,332
6503B9ABW,40.8711698228,-73.2310800269,333
6503B9ABW,40.8716708261,-73.2313755253,334
6503B9ABW,40.8721650419,-73.2316895264,335
6503B9ABW,40.8726351293,-73.2320614674,336
6503B9ABW,40.8730730006,-73.2324961614,337
6503B9ABW,40.8734732568,-73.2329900033,338
6503B9ABW,40.873831972,-73.2335366481,339
6503B9ABW,40.8741652,-73.2341112164,340
6503B9ABW,40.8744926821,-73.2346916092,341
6503B9ABW,40.8748201191,-73.2352720459,342
6503B9ABW,40.8751498794,-73.2358502023,343
6503B9ABW,40.8754786263,-73.2364293633,344
6503B9ABW,40.875807067,-73.2370088292,345
6503B9ABW,40.8761353227,-73.2375884799,346
6503B9ABW,40.8764636893,-73.2381680241,347
6503B9ABW,40.8767923594,-73.2387472727,348
6503B9ABW,40.8771207437,-73.2393268054,349
6503B9ABW,40.8774492751,-73.2399061963,350
6503B9ABW,40.8777778953,-73.2404855026,351
6503B9ABW,40.8781064039,-73.2410649216,352
6503B9ABW,40.8784349893,-73.2416442678,353
6503B9ABW,40.8787638627,-73.2422233332,354
6503B9ABW,40.8790926911,-73.2428024458,355
6503B9ABW,40.8794213482,-73.2433817298,356
6503B9ABW,40.8797497042,-73.2439613131,357
6503B9ABW,40.8800774387,-73.2445415091,358
6503B9ABW,40.8804056878,-73.245121201,359
6503B9ABW,40.880733513,-73.245701309,360
6503B9ABW,40.881059649,-73.2462830649,361
6503B9ABW,40.8813880068,-73.2468626563,362
6503B9ABW,40.8817171645,-73.2474414526,363
6503B9ABW,40.8820438904,-73.2480226511,364
6503B9ABW,40.882371523,-73.2486029664,365
6503B9ABW,40.8826977853,-73.2491846095,366
6503B9ABW,40.8830087717,-73.2497802128,367
6503B9ABW,40.8832777967,-73.2504097441,368
6503B9ABW,40.8834954271,-73.2510727868,369
6503B9ABW,40.8836517757,-73.2517651988,370
6503B9ABW,40.8837488908,-73.2524761279,371
6503B9ABW,40.8837854747,-73.2531969169,372
6503B9ABW,40.8837731352,-73.2539197269,373
6503B9ABW,40.8837458053,-73.2546420776,374
6503B9ABW,40.8837153452,-73.255364247,375
6503B9ABW,40.8836848894,-73.2560864163,376
6503B9ABW,40.8836546937,-73.2568086043,377
6503B9ABW,40.8836246166,-73.2575308005,378
6503B9ABW,40.8835945621,-73.2582529981,379
6503B9ABW,40.8835646136,-73.2589752029,380
6503B9ABW,40.8835353335,-73.2596974547,381
6503B9ABW,40.8835056287,-73.2604196762,382
6503B9ABW,40.8834752873,-73.2611418516,383
6503B9ABW,40.8834446084,-73.2618640019,384
6503B9ABW,40.8834131929,-73.2625860965,385
6503B9ABW,40.8833826282,-73.2633082532,386
6503B9ABW,40.8833524235,-73.2640304371,387
6503B9ABW,40.8833217064,-73.2647525831,388
6503B9ABW,40.8832916186,-73.2654747748,389
6503B9ABW,40.883261479,-73.2661969625,390
6503B9ABW,40.8832308673,-73.2669191154,391
6503B9ABW,40.8832010355,-73.2676413241,392
6503B9ABW,40.8831706214,-73.2683634904,393
6503B9ABW,40.8831403963,-73.2690856705,394
6503B9ABW,40.8831108586,-73.2698078996,395
6503B9ABW,40.8830802843,-73.2705300511,396
6503B9ABW,40.8830484105,-73.2712521068,397
6503B9ABW,40.8830178351,-73.2719742598,398
6503B9ABW,40.8829877944,-73.2726964515,399
6503B9ABW,40.8829582209,-73.273418676,400
6503B9ABW,40.882927308,-73.274140803,401
6503B9ABW,40.8828973894,-73.274863002,402
6503B9ABW,40.8828671394,-73.2755851766,403
6503B9ABW,40.8828364154,-73.2763073164,404
6503B9ABW,40.882807303,-73.2770295718,405
6503B9ABW,40.8827770578,-73.2777517451,406
6503B9ABW,40.8827469828,-73.2784739307,407
6503B9ABW,40.8827171452,-73.2791961338,408
6503B9ABW,40.882686721,-73.2799182946,409
6503B9ABW,40.8826572966,-73.2806405263,410
6503B9ABW,40.8826273358,-73.2813627179,411
6503B9ABW,40.8825959917,-73.2820848089,412
6503B9ABW,40.882566157,-73.2828070105,413
6503B9ABW,40.8825364712,-73.283529223,414
6503B9ABW,40.8825065442,-73.2842514179,415
6503B9ABW,40.882476348,-73.284973593,416
6503B9ABW,40.8824462421,-73.2856957744,417
6503B9ABW,40.8824163507,-73.2864179709,418
6503B9ABW,40.882386675,-73.2871401825,419
6503B9ABW,40.882356995,-73.2878623935,420
6503B9ABW,40.8823271646,-73.2885845931,421
6503B9ABW,40.882296304,-73.2893067167,422
6503B9ABW,40.8822665439,-73.2900289206,423
6503B9ABW,40.8822369876,-73.2907511391,424
6503B9ABW,40.8822073359,-73.2914733502,425
6503B9ABW,40.8821761327,-73.2921954467,426
6503B9ABW,40.8821457061,-73.2929175983,427
6503B9ABW,40.8821170826,-73.2936398801,428
6503B9ABW,40.8820865513,-73.2943620252,429
6503B9ABW,40.8820564881,-73.2950842045,430
6503B9ABW,40.882027149,-73.2958064361,431
6503B9ABW,40.8819976276,-73.296528654,432
6503B9ABW,40.8819666505,-73.2972507652,433
6503B9ABW,40.8819366273,-73.2979729465,434
6503B9ABW,40.8819065968,-73.2986951274,435
6503B9ABW,40.8818755518,-73.2994172328,436
6503B9ABW,40.8818447743,-73.300139358,437
6503B9ABW,40.8818151848,-73.3008615688,438
6503B9ABW,40.8817856895,-73.3015837861,439
6503B9ABW,40.881755437,-73.3023059493,440
6503B9ABW,40.8817251515,-73.3030281098,441
6503B9ABW,40.881694795,-73.3037502648,442
6503B9ABW,40.8816639412,-73.3044723825,443
6503B9ABW,40.8816324563,-73.3051944528,444
6503B9ABW,40.881601806,-73.3059165849,445
6503B9ABW,40.8815714071,-73.3066387355,446
6503B9ABW,40.8815407845,-73.3073608693,447
6503B9ABW,40.8815103958,-73.3080830197,448
6503B9ABW,40.8814804057,-73.3088051982,449
6503B9ABW,40.881448923,-73.3095272662,450
6503B9ABW,40.8814180346,-73.3102493786,451
6503B9ABW,40.8813892865,-73.3109716418,452
6503B9ABW,40.8813586995,-73.3116937723,453
6503B9ABW,40.8813275719,-73.3124158659,454
6503B9ABW,40.8812981245,-73.3131380798,455
6503B9ABW,40.8812664466,-73.3138601285,456
6503B9ABW,40.8812348062,-73.3145821754,457
6503B9ABW,40.8812068272,-73.3153044888,458
6503B9ABW,40.8811764451,-73.316026634,459
6503B9ABW,40.8811449643,-73.3167486994,460
6503B9ABW,40.8811134633,-73.3174707626,461
6503B9ABW,40.8810819282,-73.3181928223,462
6503B9ABW,40.8810518291,-73.3189149889,463
6503B9ABW,40.881021259,-73.3196371199,464
6503B9ABW,40.8809897323,-73.3203591802,465
6503B9ABW,40.8809588338,-73.3210812871,466
6503B9ABW,40.8809283184,-73.3218034221,467
6503B9ABW,40.8808980182,-73.3225255725,468
6503B9ABW,40.8808676867,-73.3232477204,469
6503B9ABW,40.8808369567,-73.3239698386,470
6503B9ABW,40.8808061038,-73.3246919474,471
6503B9ABW,40.8807754781,-73.3254140726,472
6503B9ABW,40.880744997,-73.3261362082,473
6503B9ABW,40.8807145026,-73.3268583424,474
6503B9ABW,40.8806827654,-73.327580382,475
6503B9ABW,40.8806506801,-73.3283023952,476
6503B9ABW,40.8806196422,-73.3290244882,477
6503B9ABW,40.8805886276,-73.3297465827,478
6503B9ABW,40.8805577444,-73.3304686864,479
6503B9ABW,40.8805275917,-73.3311908434,480
6503B9ABW,40.8804970802,-73.3319129734,481
6503B9ABW,40.8804604465,-73.33263455,482
6503B9ABW,40.8803992847,-73.3333528859,483
6503B9ABW,40.8802987418,-73.334063511,484
6503B9ABW,40.8801611603,-73.3347633016,485
6503B9ABW,40.8799886558,-73.335449425,486
6503B9ABW,40.8797780759,-73.3361170219,487
6503B9ABW,40.8795359193,-73.3367656241,488
6503B9ABW,40.8792574872,-73.337388406,489
6503B9ABW,40.87894714,-73.3379843882,490
6503B9ABW,40.878608288,-73.338553162,491
6503B9ABW,40.8782456482,-73.3390954624,492
6503B9ABW,40.877870417,-73.3396232839,493
6503B9ABW,40.8774996314,-73.3401565814,494
6503B9ABW,40.8771282118,-73.3406891101,495
6503B9ABW,40.8767572142,-73.3412221463,496
6503B9ABW,40.8763858928,-73.3417547875,497
6503B9ABW,40.8760153344,-73.3422883468,498
6503B9ABW,40.8756439894,-73.3428209527,499
6503B9ABW,40.8752732003,-73.3433542263,500
6503B9ABW,40.8749011625,-73.3438859867,501
6503B9ABW,40.8745302379,-73.3444190936,502
6503B9ABW,40.874153056,-73.3449442793,503
6503B9ABW,40.873752454,-73.3454377577,504
6503B9ABW,40.8733257317,-73.3458924335,505
6503B9ABW,40.872910197,-73.3463642577,506
6503B9ABW,40.8725415943,-73.3468974456,507
6503B9ABW,40.8722482439,-73.3475064279,508
6503B9ABW,40.8720351016,-73.3481711503,509
6503B9ABW,40.8719000106,-73.348870893,510
6503B9ABW,40.8718005577,-73.3495820471,511
6503B9ABW,40.8717057666,-73.3502943326,512
6503B9ABW,40.8716122787,-73.3510069175,513
6503B9ABW,40.8715164664,-73.3517189677,514
6503B9ABW,40.8714214512,-73.3524312027,515
6503B9ABW,40.871327298,-73.3531436352,516
6503B9ABW,40.8712321128,-73.353855827,517
6503B9ABW,40.8711399136,-73.3545686926,518
6503B9ABW,40.8710429754,-73.3552804288,519
6503B9ABW,40.8709255185,-73.3559865032,520
6503B9ABW,40.8707595235,-73.3566748829,521
6503B9ABW,40.8705482059,-73.3573418234,522
6503B9ABW,40.87032466,-73.3580022786,523
6503B9ABW,40.8701001921,-73.358662194,524
6503B9ABW,40.8698749992,-73.3593216783,525
6503B9ABW,40.8696489578,-73.3599806532,526
6503B9ABW,40.8694242419,-73.3606404082,527
6503B9ABW,40.8692002251,-73.3613005803,528
6503B9ABW,40.8689759726,-73.3619606107,529
6503B9ABW,40.8687526975,-73.3626212146,530
6503B9ABW,40.8685294326,-73.3632818223,531
6503B9ABW,40.8683053782,-73.3639419629,532
6503B9ABW,40.868080521,-73.3646016284,533
6503B9ABW,40.8678558564,-73.3652614053,534
6503B9ABW,40.8676317075,-73.3659214845,535
6503B9ABW,40.8674076823,-73.3665816342,536
6503B9ABW,40.8671840815,-73.3672420313,537
6503B9ABW,40.8669601458,-73.3679022294,538
6503B9ABW,40.8667361356,-73.3685623814,539
6503B9ABW,40.866512146,-73.3692225432,540
6503B9ABW,40.8662885377,-73.369882926,541
6503B9ABW,40.8660649323,-73.3705433092,542
6503B9ABW,40.8658412166,-73.3712036252,543
6503B9ABW,40.8656166355,-73.3718634294,544
6503B9ABW,40.8653924807,-73.3725234827,545
6503B9ABW,40.8651687797,-73.373183801,546
6503B9ABW,40.8649451605,-73.3738441653,547
6503B9ABW,40.8647213914,-73.3745044392,548
6503B9ABW,40.8644976302,-73.3751647155,549
6503B9ABW,40.8642743208,-73.3758252549,550
6503B9ABW,40.8640510526,-73.3764858163,551
6503B9ABW,40.8638271885,-73.3771460253,552
6503B9ABW,40.863603158,-73.3778061343,553
6503B9ABW,40.8633792044,-73.3784662864,554
6503B9ABW,40.8631553283,-73.3791264819,555
6503B9ABW,40.8629313678,-73.3797866254,556
6503B9ABW,40.8627071075,-73.3804465902,557
6503B9ABW,40.8624830118,-73.3811066496,558
6503B9ABW,40.8622591826,-73.3817668638,559
6503B9ABW,40.8620354001,-73.3824271033,560
6503B9ABW,40.8618117343,-73.3830874091,561
6503B9ABW,40.8615877798,-73.3837475427,562
6503B9ABW,40.8613633711,-73.3844074067,563
6503B9ABW,40.8611390651,-73.3850673288,564
6503B9ABW,40.8609152799,-73.3857275555,565
6503B9ABW,40.8606929692,-73.3863886413,566
6503B9ABW,40.860471698,-73.3870503321,567
6503B9ABW,40.8602504161,-73.387712013,568
6503B9ABW,40.8600303554,-73.388374381,569
6503B9ABW,40.8598093441,-73.3890362156,570
6503B9ABW,40.8595897518,-73.389698866,571
6503B9ABW,40.8593704884,-73.3903617036,572
6503B9ABW,40.8591494399,-73.391023509,573
6503B9ABW,40.8589281563,-73.3916851768,574
6503B9ABW,40.8587083339,-73.3923476864,575
6503B9ABW,40.8584874597,-73.3930095848,576
6503B9ABW,40.8582666564,-73.3936715154,577
6503B9ABW,40.858049906,-73.3943357705,578
6503B9ABW,40.8578327402,-73.3949997901,579
6503B9ABW,40.8576152828,-73.3956636422,580
6503B9ABW,40.8573974196,-73.3963272595,581
6503B9ABW,40.8571770563,-73.3969894409,582
6503B9ABW,40.8569571441,-73.3976518817,583
6503B9ABW,40.8567376657,-73.3983145703,584
6503B9ABW,40.8565184047,-73.3989773816,585
6503B9ABW,40.8562989537,-73.3996400817,586
6503B9ABW,40.8560793699,-73.4003027032,587
6503B9ABW,40.8558598849,-73.4009653793,588
6503B9ABW,40.855640763,-73.4016282617,589
6503B9ABW,40.8554218858,-73.4022912821,590
6503B9ABW,40.8552029065,-73.4029542418,591
6503B9ABW,40.854983769,-73.4036171087,592
6503B9ABW,40.8547638683,-73.4042795342,593
6503B9ABW,40.8545428961,-73.4049413344,594
6503B9ABW,40.8543177687,-73.4056006865,595
6503B9ABW,40.854097113,-73.4062626589,596
6503B9ABW,40.8538783503,-73.4069257101,597
6503B9ABW,40.853657288,-73.4075874417,598
6503B9ABW,40.8534367265,-73.4082494703,599
6503B9ABW,40.8532188361,-73.4089130309,600
6503B9ABW,40.8530005791,-73.4095763811,601
6503B9ABW,40.852781718,-73.4102393844,602
6503B9ABW,40.8525634083,-73.4109026965,603
6503B9ABW,40.852327453,-73.4115549441,604
6503B9ABW,40.8520384831,-73.4121681057,605
6503B9ABW,40.8516882201,-73.4127235048,606
6503B9ABW,40.8513077038,-73.413244469,607
6503B9ABW,40.8509236241,-73.4137609739,608
6503B9ABW,40.8505399795,-73.4142780345,609
6503B9ABW,40.8501572022,-73.4147962071,610
6503B9ABW,40.8497734158,-73.415313081,611
6503B9ABW,40.8493900006,-73.4158304296,612
6503B9ABW,40.8490072684,-73.4163486519,613
6503B9ABW,40.8486241497,-73.4168663746,614
6503B9ABW,40.8482401931,-73.417383018,615
6503B9ABW,40.8478570329,-73.4179006804,616
6503B9ABW,40.8474742045,-73.4184187663,617
6503B9ABW,40.8470899611,-73.4189350237,618
6503B9ABW,40.8467068368,-73.4194527178,619
6503B9ABW,40.8463234154,-73.4199700351,620
6503B9ABW,40.8459408023,-73.420488383,621
6503B9ABW,40.8455592277,-73.4210080572,622
6503B9ABW,40.8451772449,-73.4215271947,623
6503B9ABW,40.844793271,-73.4220437884,624
6503B9ABW,40.8444095239,-73.4225606714,625
6503B9ABW,40.8440256426,-73.4230773767,626
6503B9ABW,40.8436426928,-73.4235952784,627
6503B9ABW,40.8432591675,-73.4241124387,628
6503B9ABW,40.8428754431,-73.42462934,629
6503B9ABW,40.8424917789,-73.4251463158,630
6503B9ABW,40.8421081235,-73.4256633,631
6503B9ABW,40.8417249088,-73.4261808473,632
6503B9ABW,40.8413416632,-73.42669835,633
6503B9ABW,40.8409570554,-73.4272140942,634
6503B9ABW,40.8405732622,-73.4277308879,635
6503B9ABW,40.8401901861,-73.4282485931,636
6503B9ABW,40.8398060209,-73.4287648946,637
6503B9ABW,40.8394219239,-73.4292812869,638
6503B9ABW,40.8390380715,-73.4297979934,639
6503B9ABW,40.8386547658,-73.4303153998,640
6503B9ABW,40.8382704241,-73.4308314672,641
6503B9ABW,40.8378864721,-73.4313480275,642
6503B9ABW,40.8375025421,-73.4318646125,643
6503B9ABW,40.8371271619,-73.4323917614,644
6503B9ABW,40.8367880137,-73.4329587992,645
6503B9ABW,40.8365123985,-73.4335823277,646
6503B9ABW,40.8363049733,-73.4342501588,647
6503B9ABW,40.8361679637,-73.4349488987,648
6503B9ABW,40.836101714,-73.4356652927,649
6503B9ABW,40.8361034937,-73.4363870848,650
6503B9ABW,40.8361693898,-73.4371035973,651
6503B9ABW,40.8363051299,-73.4378026681,652
6503B9ABW,40.8365094759,-73.4384724038,653
6503B9ABW,40.8367659374,-73.4391109631,654
6503B9ABW,40.8370396383,-73.43973748,655
6503B9ABW,40.8373159852,-73.4403619876,656
6503B9ABW,40.8375906915,-73.4409877496,657
6503B9ABW,40.8378655774,-73.4416133794,658
6503B9ABW,40.8381330825,-73.4422443462,659
6503B9ABW,40.8383557867,-73.4429037712,660
6503B9ABW,40.8385109876,-73.4435959949,661
6503B9ABW,40.8386206858,-73.4443040821,662
6503B9ABW,40.8387133958,-73.4450162951,663
6503B9ABW,40.838755079,-73.4457359104,664
6503B9ABW,40.8387211797,-73.446456013,665
6503B9ABW,40.8386098325,-73.4471624453,666
6503B9ABW,40.8384233605,-73.4478409111,667
6503B9ABW,40.8381678326,-73.4484791979,668
6503B9ABW,40.8378467248,-73.4490637104,669
6503B9ABW,40.8374661924,-73.4495829592,670
6503B9ABW,40.8370349486,-73.4500279123,671
6503B9ABW,40.8365682519,-73.4504078295,672
6503B9ABW,40.8360929676,-73.4507694572,673
6503B9ABW,40.8356177784,-73.4511313106,674
6503B9ABW,40.835141784,-73.4514913244,675
6503B9ABW,40.8346658277,-73.4518514217,676
6503B9ABW,40.8341901009,-73.4522120217,677
6503B9ABW,40.8337160677,-73.4525764406,678
6503B9ABW,40.8332401562,-73.4529366225,679
6503B9ABW,40.8327658145,-73.4533002882,680
6503B9ABW,40.8323034706,-73.4536892743,681
6503B9ABW,40.83186783,-73.4541279261,682
6503B9ABW,40.8314712078,-73.4546262402,683
6503B9ABW,40.831117036,-73.4551774451,684
6503B9ABW,40.830792425,-73.4557601186,685
6503B9ABW,40.8304727423,-73.4563476262,686
6503B9ABW,40.8301606855,-73.4569420466,687
6503B9ABW,40.8298798806,-73.4575621728,688
6503B9ABW,40.8296600296,-73.4582229411,689
6503B9ABW,40.8295091125,-73.4589167046,690
6503B9ABW,40.8294014073,-73.4596252248,691
6503B9ABW,40.8293016373,-73.4603358575,692
6503B9ABW,40.8292055263,-73.4610473851,693
6503B9ABW,40.8291140476,-73.4617598964,694
6503B9ABW,40.8290509896,-73.4624774243,695
6503B9ABW,40.8290282615,-73.4631990997,696
6503B9ABW,40.8290398702,-73.4639214756,697
6503B9ABW,40.8290602678,-73.4646436225,698
6503B9ABW,40.829061488,-73.4653661018,699
6503B9ABW,40.8290325948,-73.4660875911,700
6503B9ABW,40.8289844554,-73.4668074698,701
6503B9ABW,40.8289354624,-73.4675272713,702
6503B9ABW,40.8288854844,-73.4682469553,703
6503B9ABW,40.828834333,-73.4689664977,704
6503B9ABW,40.828784471,-73.469686196,705
6503B9ABW,40.8287357172,-73.470406025,706
6503B9ABW,40.8286842365,-73.4711255224,707
6503B9ABW,40.8286272051,-73.471844274,708
6503B9ABW,40.8285586752,-73.4725612751,709
6503B9ABW,40.8284815918,-73.4732767689,710
6503B9ABW,40.8283986938,-73.4739911546,711
6503B9ABW,40.8283109574,-73.4747045356,712
6503B9ABW,40.8282235566,-73.4754179974,713
6503B9ABW,40.8281358513,-73.4761313929,714
6503B9ABW,40.8280457103,-73.4768442555,715
6503B9ABW,40.8279589348,-73.4775578415,716
6503B9ABW,40.8278723904,-73.47827148,717
6503B9ABW,40.8277856226,-73.4789850709,718
6503B9ABW,40.8276981441,-73.4796985107,719
6503B9ABW,40.8276104689,-73.4804119077,720
6503B9ABW,40.8275216607,-73.4811250595,721
6503B9ABW,40.827434547,-73.4818385725,722
6503B9ABW,40.8273473234,-73.4825520625,723
6503B9ABW,40.8272592337,-73.4832653673,724
6503B9ABW,40.8271717532,-73.483978799,725
6503B9ABW,40.8270846313,-73.4846923016,726
6503B9ABW,40.8269970985,-73.4854057194,727
6503B9ABW,40.8269097345,-73.486119175,728
6503B9ABW,40.8268221994,-73.4868325935,729
6503B9ABW,40.8267344678,-73.4875459692,730
6503B9ABW,40.8266469721,-73.4882593942,731
6503B9ABW,40.8265587085,-73.4889726538,732
6503B9ABW,40.8264712282,-73.4896860792,733
6503B9ABW,40.8263838908,-73.4903995348,734
6503B9ABW,40.826296599,-73.4911129993,735
6503B9ABW,40.8262097691,-73.4918265599,736
6503B9ABW,40.8261212965,-73.4925397693,737
6503B9ABW,40.8260331269,-73.4932530423,738
6503B9ABW,40.8259454703,-73.4939664249,739
6503B9ABW,40.8258584581,-73.4946799398,740
6503B9ABW,40.8257699886,-73.4953931415,741
6503B9ABW,40.8256821739,-73.4961064852,742
6503B9ABW,40.8255953014,-73.4968200285,743
6503B9ABW,40.8255067396,-73.4975332108,744
6503B9ABW,40.8254112881,-73.4982447485,745
6503B9ABW,40.8252860925,-73.4989479513,746
6503B9ABW,40.8251244558,-73.4996382206,747
6503B9ABW,40.8249176455,-73.5003066707,748
6503B9ABW,40.8246550123,-73.5009402637,749
6503B9ABW,40.8243415794,-73.5015327617,750
6503B9ABW,40.824006126,-73.5021047405,751
6503B9ABW,40.8236700614,-73.5026761261,752
6503B9ABW,40.8233349975,-73.5032485266,753
6503B9ABW,40.822998061,-73.5038189286,754
6503B9ABW,40.8226402052,-73.5043663251,755
6503B9ABW,40.8222418841,-73.5048621813,756
6503B9ABW,40.8218027935,-73.5052940964,757
6503B9ABW,40.8213318107,-73.5056644222,758
6503B9ABW,40.8208478307,-73.5060052637,759
6503B9ABW,40.820363269,-73.5063448086,760
6503B9ABW,40.8198784405,-73.506683697,761
6503B9ABW,40.819393995,-73.5070235311,762
6503B9ABW,40.8189096084,-73.5073635091,763
6503B9ABW,40.8184251776,-73.5077033757,764
6503B9ABW,40.8179407456,-73.5080432367,765
6503B9ABW,40.8174564028,-73.5083833157,766
6503B9ABW,40.8169721258,-73.5087235545,767
6503B9ABW,40.8164874019,-73.5090626853,768
6503B9ABW,40.8160024509,-73.5094012515,769
6503B9ABW,40.8155181451,-73.5097414105,770
6503B9ABW,40.8150339224,-73.510081773,771
6503B9ABW,40.8145491742,-73.5104208349,772
6503B9ABW,40.8140644567,-73.5107599709,773
6503B9ABW,40.813579599,-73.5110987443,774
6503B9ABW,40.8130905689,-73.5114268694,775
6503B9ABW,40.8125930033,-73.511731598,776
6503B9ABW,40.8120830418,-73.5119983627,777
6503B9ABW,40.8115619465,-73.5122247516,778
6503B9ABW,40.8110311886,-73.5124079766,779
6503B9ABW,40.8104934334,-73.5125523886,780
6503B9ABW,40.8099518802,-73.5126700682,781
6503B9ABW,40.8094088519,-73.5127758175,782
6503B9ABW,40.808865813,-73.5128815076,783
6503B9ABW,40.8083226889,-73.5129864354,784
6503B9ABW,40.8077795302,-73.5130910533,785
6503B9ABW,40.807236371,-73.5131956663,786
6503B9ABW,40.8066932121,-73.5133002815,787
6503B9ABW,40.8061500632,-73.5134049861,788
6503B9ABW,40.8056069119,-73.5135096694,789
6503B9ABW,40.8050637192,-73.5136139786,790
6503B9ABW,40.8045205184,-73.5137182153,791
6503B9ABW,40.8039773171,-73.513822446,792
6503B9ABW,40.8034341405,-73.5139268993,793
6503B9ABW,40.8028909882,-73.5140315713,794
6503B9ABW,40.8023478242,-73.5141361375,795
6503B9ABW,40.8018046188,-73.5142403293,796
6503B9ABW,40.8012613952,-73.5143443563,797
6503B9ABW,40.8007182563,-73.5144491461,798
6503B9ABW,40.8001751558,-73.5145542784,799
6503B9ABW,40.799631943,-73.5146584015,800
6503B9ABW,40.7990887309,-73.5147625314,801
6503B9ABW,40.7985455336,-73.5148667937,802
6503B9ABW,40.7980023424,-73.5149711119,803
6503B9ABW,40.7974591203,-73.5150751497,804
6503B9ABW,40.7969158935,-73.5151791454,805
6503B9ABW,40.7963726906,-73.5152833552,806
6503B9ABW,40.7958295154,-73.5153878156,807
6503B9ABW,40.7952863664,-73.5154925108,808
6503B9ABW,40.7947432205,-73.5155972335,809
6503B9ABW,40.7942000303,-73.5157015554,810
6503B9ABW,40.7936567511,-73.5158050728,811
6503B9ABW,40.7931135897,-73.5159096525,812
6503B9ABW,40.7925704778,-73.5160146776,813
6503B9ABW,40.792027306,-73.5161191622,814
6503B9ABW,40.7914840384,-73.5162227811,815
6503B9ABW,40.7909408644,-73.5163272481,816
6503B9ABW,40.7903977058,-73.5164318535,817
6503B9ABW,40.7898543935,-73.5165350538,818
6503B9ABW,40.7893110932,-73.5166383468,819
6503B9ABW,40.7887679784,-73.5167433364,820
6503B9ABW,40.7882248062,-73.5168478176,821
6503B9ABW,40.7876817258,-73.5169531185,822
6503B9ABW,40.7871385491,-73.5170575377,823
6503B9ABW,40.7865953646,-73.5171618786,824
6503B9ABW,40.7860520932,-73.5172654442,825
6503B9ABW,40.7855089656,-73.5173703196,826
6503B9ABW,40.7849657209,-73.5174741417,827
6503B9ABW,40.7844224168,-73.517577412,828
6503B9ABW,40.7838793085,-73.5176824438,829
6503B9ABW,40.7833361007,-73.5177865908,830
6503B9ABW,40.7827929622,-73.5178913673,831
6503B9ABW,40.7822497364,-73.5179953593,832
6503B9ABW,40.7817065588,-73.5180997828,833
6503B9ABW,40.7811632832,-73.5182033214,834
6503B9ABW,40.78062018,-73.518308411,835
6503B9ABW,40.7800769982,-73.5184127903,836
6503B9ABW,40.7795336713,-73.5185158591,837
6503B9ABW,40.7789905239,-73.5186205513,838
6503B9ABW,40.778447425,-73.5187256696,839
6503B9ABW,40.7779040389,-73.5188281963,840
6503B9ABW,40.7773603658,-73.5189280181,841
6503B9ABW,40.7768163154,-73.5190242539,842
6503B9ABW,40.7762724796,-73.5191225474,843
6503B9ABW,40.775728787,-73.5192222229,844
6503B9ABW,40.7751852658,-73.5193234983,845
6503B9ABW,40.7746420254,-73.5194273317,846
6503B9ABW,40.7740990385,-73.5195334546,847
6503B9ABW,40.7735559902,-73.5196390196,848
6503B9ABW,40.7730131733,-73.5197463097,849
6503B9ABW,40.7724744216,-73.5198831918,850
6503B9ABW,40.7719431649,-73.5200637233,851
6503B9ABW,40.7714251396,-73.5203009411,852
6503B9ABW,40.770924662,-73.5205964114,853
6503B9ABW,40.7704463611,-73.5209495279,854
6503B9ABW,40.7699934826,-73.5213567722,855
6503B9ABW,40.7695655028,-73.5218083695,856
6503B9ABW,40.7691634624,-73.5222994611,857
6503B9ABW,40.7687922674,-73.5228304612,858
6503B9ABW,40.7684825773,-73.5234242872,859
6503B9ABW,40.7682527949,-73.524078176,860
6503B9ABW,40.7680769348,-73.5247619451,861
6503B9ABW,40.7679136216,-73.5254512599,862
6503B9ABW,40.7677611773,-73.5261447505,863
6503B9ABW,40.7676248323,-73.5268441341,864
6503B9ABW,40.7674891814,-73.5275436872,865
6503B9ABW,40.7673330423,-73.5282357452,866
6503B9ABW,40.7670575635,-73.5293779113,867
6503B9ABW,40.7668909868,-73.5300658805,868
6503B9ABW,40.7667195349,-73.5307517315,869
6503B9ABW,40.7665313175,-73.5314298401,870
6503B9ABW,40.7663290665,-73.5321010425,871
6503B9ABW,40.766128185,-73.5327729646,872
6503B9ABW,40.7659325656,-73.5334475646,873
6503B9ABW,40.7657474388,-73.5341270672,874
6503B9ABW,40.7655794562,-73.5348144209,875
6503B9ABW,40.7654133642,-73.5355025795,876
6503B9ABW,40.7652457049,-73.5361900755,877
6503B9ABW,40.7650785685,-73.5368777901,878
6503B9ABW,40.7649146782,-73.5375668538,879
6503B9ABW,40.7647511595,-73.5382560707,880
6503B9ABW,40.7645878021,-73.5389453494,881
6503B9ABW,40.7644245142,-73.5396346503,882
6503B9ABW,40.7642602637,-73.5403235566,883
6503B9ABW,40.7640971907,-73.5410129489,884
6503B9ABW,40.7639340611,-73.5417023141,885
6503B9ABW,40.7637702274,-73.542391385,886
6503B9ABW,40.7636046072,-73.543079717,887
6503B9ABW,40.7634413162,-73.5437689948,888
6503B9ABW,40.7632787217,-73.5444585666,889
6503B9ABW,40.7631144557,-73.5451474564,890
6503B9ABW,40.7629498932,-73.5458362248,891
6503B9ABW,40.7627859953,-73.546525266,892
6503B9ABW,40.7626221011,-73.5472143069,893
6503B9ABW,40.7624582805,-73.5479033765,894
6503B9ABW,40.762294924,-73.5485926349,895
6503B9ABW,40.7621313218,-73.5492817907,896
6503B9ABW,40.7619676451,-73.5499709142,897
6503B9ABW,40.7618044294,-73.5506602248,898
6503B9ABW,40.7616405131,-73.5513492459,899
6503B9ABW,40.7614769516,-73.5520384102,900
6503B9ABW,40.7613134155,-73.552727582,901
6503B9ABW,40.7611532608,-73.5534181236,902
6503B9ABW,40.7609958039,-73.5541097366,903
6503B9ABW,40.7608406874,-73.5548022641,904
6503B9ABW,40.7606854545,-73.5554947367,905
6503B9ABW,40.7605252715,-73.5561852502,906
6503B9ABW,40.7603627835,-73.5568748367,907
6503B9ABW,40.7601991195,-73.5575639402,908
6503B9ABW,40.7600356276,-73.5582531188,909
6503B9ABW,40.759871494,-73.5589420327,910
6503B9ABW,40.7597081012,-73.5596312492,911
6503B9ABW,40.7595446047,-73.5603204216,912
6503B9ABW,40.7593806261,-73.5610093943,913
6503B9ABW,40.7592164706,-73.5616982925,914
6503B9ABW,40.7590524198,-73.5623872321,915
6503B9ABW,40.7588879455,-73.5630759952,916
6503B9ABW,40.7587238513,-73.5637649135,917
6503B9ABW,40.7585599615,-73.5644539143,918
6503B9ABW,40.75839629,-73.5651430032,919
6503B9ABW,40.7582323772,-73.5658319909,920
6503B9ABW,40.7580682372,-73.566520883,921
6503B9ABW,40.7579050492,-73.5672101647,922
6503B9ABW,40.7577409964,-73.5678990897,923
6503B9ABW,40.7575769368,-73.5685880105,924
6503B9ABW,40.7574128253,-73.5692769077,925
6503B9ABW,40.7572489657,-73.5699659055,926
6503B9ABW,40.7570855258,-73.5706550729,927
6503B9ABW,40.7569212739,-73.5713439068,928
6503B9ABW,40.7567571837,-73.5720328063,929
6503B9ABW,40.7565931286,-73.5727217181,930
6503B9ABW,40.7564284459,-73.5734103678,931
6503B9ABW,40.7562649431,-73.5740995005,932
6503B9ABW,40.7561012918,-73.5747885727,933
6503B9ABW,40.7559366816,-73.5754772492,934
6503B9ABW,40.7557728312,-73.576166237,935
6503B9ABW,40.7556096169,-73.5768554714,936
6503B9ABW,40.7554459699,-73.5775445188,937
6503B9ABW,40.755281291,-73.5782331587,938
6503B9ABW,40.7551175303,-73.5789221755,939
6503B9ABW,40.7549538296,-73.5796112161,940
6503B9ABW,40.754789691,-73.5803000732,941
6503B9ABW,40.7546248356,-73.5809886332,942
6503B9ABW,40.7544617891,-73.5816779371,943
6503B9ABW,40.7542981984,-73.5823670166,944
6503B9ABW,40.7541339701,-73.5830558319,945
6503B9ABW,40.7539692866,-73.5837444579,946
6503B9ABW,40.7538051168,-73.5844332942,947
6503B9ABW,40.7536415357,-73.5851223709,948
6503B9ABW,40.7534776755,-73.5858113311,949
6503B9ABW,40.75331359,-73.5865001966,950
6503B9ABW,40.7531507304,-73.5871895633,951
6503B9ABW,40.7529865673,-73.5878783928,952
6503B9ABW,40.7528221599,-73.5885671209,953
6503B9ABW,40.7526583358,-73.5892560877,954
6503B9ABW,40.7524938533,-73.5899447811,955
6503B9ABW,40.7523292064,-73.5906334048,956
6503B9ABW,40.7521654113,-73.5913223784,957
6503B9ABW,40.7520009713,-73.5920110845,958
6503B9ABW,40.7518363665,-73.592699721,959
6503B9ABW,40.7516718756,-73.5933884029,960
6503B9ABW,40.7515074991,-73.5940771303,961
6503B9ABW,40.7513434272,-73.5947659814,962
6503B9ABW,40.7511796375,-73.5954549465,963
6503B9ABW,40.7510143393,-73.5961432855,964
6503B9ABW,40.7508512897,-73.5968325474,965
6503B9ABW,40.7506870255,-73.5975213107,966
6503B9ABW,40.7505228177,-73.5982100967,967
6503B9ABW,40.7503593055,-73.5988991678,968
6503B9ABW,40.7501952936,-73.5995880319,969
6503B9ABW,40.7500311489,-73.6002768397,970
6503B9ABW,40.7498665413,-73.6009654545,971
6503B9ABW,40.7497017694,-73.6016539998,972
6503B9ABW,40.7495375443,-73.6023427693,973
6503B9ABW,40.7493731494,-73.603031467,974
6503B9ABW,40.7492095127,-73.6037204737,975
6503B9ABW,40.7490470695,-73.6044099683,976
6503B9ABW,40.7488843099,-73.605099332,977
6503B9ABW,40.7487200405,-73.6057880737,978
6503B9ABW,40.7485552466,-73.6064765982,979
6503B9ABW,40.7483902789,-73.607165049,980
6503B9ABW,40.7482255563,-73.6078535993,981
6503B9ABW,40.7480614676,-73.6085424097,982
6503B9ABW,40.747897254,-73.609231167,983
6503B9ABW,40.7477332957,-73.6099200275,984
6503B9ABW,40.7475697575,-73.610609059,985
6503B9ABW,40.7474055669,-73.6112978207,986
6503B9ABW,40.7472412019,-73.6119865088,987
6503B9ABW,40.7470769653,-73.6126752478,988
6503B9ABW,40.7469134778,-73.613364293,989
6503B9ABW,40.7467496387,-73.6140531926,990
6503B9ABW,40.7465858533,-73.6147421127,991
6503B9ABW,40.7464220665,-73.6154310304,992
6503B9ABW,40.7462581902,-73.6161199081,993
6503B9ABW,40.7460942008,-73.6168087363,994
6503B9ABW,40.7459302076,-73.6174975632,995
6503B9ABW,40.7457654491,-73.6181860704,996
6503B9ABW,40.74560148,-73.6188749005,997
6503B9ABW,40.7454359926,-73.6195631028,998
6503B9ABW,40.7452718098,-73.6202518452,999
6503B9ABW,40.7451074251,-73.620940503,1000
6503B9ABW,40.7449426138,-73.621628982,1001
6503B9ABW,40.7447786297,-73.6223177972,1002
6503B9ABW,40.7446134578,-73.6230061197,1003
6503B9ABW,40.744449906,-73.6236951133,1004
6503B9ABW,40.7442855056,-73.6243837551,1005
6503B9ABW,40.7441216591,-73.625072624,1006
6503B9ABW,40.7439574521,-73.625761343,1007
6503B9ABW,40.743793668,-73.6264502342,1008
6503B9ABW,40.7436290321,-73.627138773,1009
6503B9ABW,40.7434647704,-73.6278274646,1010
6503B9ABW,40.743300554,-73.6285161732,1011
6503B9ABW,40.7431363544,-73.6292048871,1012
6503B9ABW,40.7429720656,-73.6298935626,1013
6503B9ABW,40.7428071513,-73.6305819774,1014
6503B9ABW,40.7426422814,-73.6312704091,1015
6503B9ABW,40.7424783074,-73.6319592089,1016
6503B9ABW,40.7423144716,-73.6326480641,1017
6503B9ABW,40.7421501225,-73.6333367054,1018
6503B9ABW,40.741985054,-73.6340250466,1019
6503B9ABW,40.7418206633,-73.6347136681,1020
6503B9ABW,40.741656356,-73.6354023223,1021
6503B9ABW,40.741492377,-73.63609111,1022
6503B9ABW,40.7413282922,-73.6367798526,1023
6503B9ABW,40.7411638912,-73.637468463,1024
6503B9ABW,40.7409995005,-73.638157076,1025
6503B9ABW,40.7408352707,-73.6388457497,1026
6503B9ABW,40.7406696504,-73.639533846,1027
6503B9ABW,40.7405056828,-73.6402226279,1028
6503B9ABW,40.7403414264,-73.6409112895,1029
6503B9ABW,40.7401771394,-73.6415999369,1030
6503B9ABW,40.740012956,-73.6422886252,1031
6503B9ABW,40.7398474389,-73.642976758,1032
6503B9ABW,40.7396810072,-73.6436645095,1033
6503B9ABW,40.7395118345,-73.6443510652,1034
6503B9ABW,40.7393333457,-73.6450335545,1035
6503B9ABW,40.7391545981,-73.6457159281,1036
6503B9ABW,40.7389815372,-73.6464008249,1037
6503B9ABW,40.7388142259,-73.6470881909,1038
6503B9ABW,40.7386470258,-73.6477756093,1039
6503B9ABW,40.7384794987,-73.6484628885,1040
6503B9ABW,40.7383114192,-73.6491499321,1041
6503B9ABW,40.7381425411,-73.6498366361,1042
6503B9ABW,40.7379742186,-73.650523574,1043
6503B9ABW,40.7378056014,-73.651210385,1044
6503B9ABW,40.7376383245,-73.6518977571,1045
6503B9ABW,40.7374731244,-73.6525859985,1046
6503B9ABW,40.7373080833,-73.6532743044,1047
6503B9ABW,40.7371431219,-73.6539626409,1048
6503B9ABW,40.7369786933,-73.654651196,1049
6503B9ABW,40.7368148068,-73.6553399719,1050
6503B9ABW,40.7366495747,-73.6560281893,1051
6503B9ABW,40.7364855695,-73.6567169035,1052
6503B9ABW,40.7363300103,-73.6574089742,1053
6503B9ABW,40.736182934,-73.6581042562,1054
6503B9ABW,40.7360385188,-73.6588005161,1055
6503B9ABW,40.7358925706,-73.6594962121,1056
6503B9ABW,40.7357375473,-73.6601884661,1057
6503B9ABW,40.7355737441,-73.6608772585,1058
6503B9ABW,40.7354085241,-73.6615654694,1059
6503B9ABW,40.7352433945,-73.6622537171,1060
6503B9ABW,40.735078088,-73.6629418895,1061
6503B9ABW,40.7349137995,-73.6636304814,1062
6503B9ABW,40.7347490037,-73.6643188623,1063
6503B9ABW,40.734583765,-73.6650070582,1064
6503B9ABW,40.7344186441,-73.6656953012,1065
6503B9ABW,40.7342540975,-73.6663837801,1066
6503B9ABW,40.7340891456,-73.6670720896,1067
6503B9ABW,40.7339240298,-73.6677603297,1068
6503B9ABW,40.7337589589,-73.6684485867,1069
6503B9ABW,40.7335943436,-73.6691370299,1070
6503B9ABW,40.7334307449,-73.6698258906,1071
6503B9ABW,40.7332653466,-73.670513991,1072
6503B9ABW,40.7331010831,-73.6712025547,1073
6503B9ABW,40.7329338371,-73.6718898638,1074
6503B9ABW,40.7327700451,-73.672578637,1075
6503B9ABW,40.7326061288,-73.6732673587,1076
6503B9ABW,40.7324416266,-73.6739558373,1077
6503B9ABW,40.7322767803,-73.6746441718,1078
6503B9ABW,40.7321112027,-73.6753322006,1079
6503B9ABW,40.7319465405,-73.6760206028,1080
6503B9ABW,40.7317820778,-73.6767090876,1081
6503B9ABW,40.73161745,-73.6773975054,1082
6503B9ABW,40.7314530528,-73.678086017,1083
6503B9ABW,40.7312873252,-73.6787739737,1084
6503B9ABW,40.7311223294,-73.679462234,1085
6503B9ABW,40.7309577209,-73.6801506534,1086
6503B9ABW,40.7307935605,-73.6808392559,1087
6503B9ABW,40.7306290542,-73.6815277141,1088
6503B9ABW,40.7304642719,-73.6822160566,1089
6503B9ABW,40.7302994212,-73.6829043691,1090
6503B9ABW,40.7301345974,-73.683592691,1091
6503B9ABW,40.729969797,-73.6842810209,1092
6503B9ABW,40.72980501,-73.6849693546,1093
6503B9ABW,40.7296401752,-73.6856576669,1094
6503B9ABW,40.7294752408,-73.6863459362,1095
6503B9ABW,40.729310299,-73.6870342008,1096
6503B9ABW,40.7291453439,-73.6877224582,1097
6503B9ABW,40.7289803503,-73.6884106979,1098
6503B9ABW,40.7288153494,-73.6890989329,1099
6503B9ABW,40.7286512966,-73.6897875565,1100
6503B9ABW,40.7284881605,-73.6904765558,1101
6503B9ABW,40.7283250286,-73.6911655551,1102
6503B9ABW,40.728162251,-73.6918546975,1103
6503B9ABW,40.727999661,-73.6925439148,1104
6503B9ABW,40.7278372761,-73.6932332137,1105
6503B9ABW,40.7276756158,-73.6939228053,1106
6503B9ABW,40.7275140137,-73.694612419,1107
6503B9ABW,40.7273522959,-73.695301984,1108
6503B9ABW,40.7271903341,-73.6959914484,1109
6503B9ABW,40.7270283601,-73.6966809063,1110
6503B9ABW,40.7268664231,-73.6973703774,1111
6503B9ABW,40.7267045172,-73.6980598595,1112
6503B9ABW,40.7265424955,-73.6987492929,1113
6503B9ABW,40.7263803883,-73.6994386899,1114
6503B9ABW,40.7262179899,-73.7001279661,1115
6503B9ABW,40.7260539261,-73.7008165589,1116
6503B9ABW,40.7258895911,-73.7015050389,1117
6503B9ABW,40.7257252519,-73.7021935155,1118
6503B9ABW,40.7255609086,-73.7028819887,1119
6503B9ABW,40.7253965612,-73.7035704586,1120
6503B9ABW,40.7252322097,-73.704258925,1121
6503B9ABW,40.7250678229,-73.7049473752,1122
6503B9ABW,40.7249031639,-73.7056357112,1123
6503B9ABW,40.7247384022,-73.7063240031,1124
6503B9ABW,40.7245733475,-73.707012172,1125
6503B9ABW,40.7244082287,-73.7077003127,1126
6503B9ABW,40.7242435894,-73.7083886491,1127
6503B9ABW,40.7240791084,-73.7090770477,1128
6503B9ABW,40.7239132929,-73.7097648937,1129
6503B9ABW,40.72374746,-73.7104527308,1130
6503B9ABW,40.7235815896,-73.7111405506,1131
6503B9ABW,40.7234157958,-73.7118284006,1132
6503B9ABW,40.7232501764,-73.7125163214,1133
6503B9ABW,40.7230842346,-73.7132041062,1134
6503B9ABW,40.7229180922,-73.7138918057,1135
6503B9ABW,40.722752368,-73.7145796776,1136
6503B9ABW,40.7225870096,-73.7152677,1137
6503B9ABW,40.7224216471,-73.7159557191,1138
6503B9ABW,40.7222562801,-73.7166437346,1139
6503B9ABW,40.7220444493,-73.7175248684,1140
6503B9ABW,40.7218408522,-73.7183744375,1141
6503B9ABW,40.7216388587,-73.7192246662,1142
6503B9ABW,40.7214388761,-73.7200757006,1143
6503B9ABW,40.7212138735,-73.7209157107,1144
6503B9ABW,40.7210078995,-73.7217640999,1145
6503B9ABW,40.7208004763,-73.7226120517,1146
6503B9ABW,40.7205904357,-73.7234588911,1147
6503B9ABW,40.7203839288,-73.7243072217,1148
6503B9ABW,40.7201789596,-73.7251562005,1149
6503B9ABW,40.7199741722,-73.7260052524,1150
6503B9ABW,40.7197659753,-73.7268731666,1151
6503B9ABW,40.7195567542,-73.7277452773,1152
6503B9ABW,40.7193487506,-73.7286178883,1153
6503B9ABW,40.7191406883,-73.7294904724,1154
6503B9ABW,40.7189304092,-73.7303621217,1155
6503B9ABW,40.7187197946,-73.7312336375,1156
6503B9ABW,40.7185121446,-73.7321063781,1157
6503B9ABW,40.7183017977,-73.7329780045,1158
6503B9ABW,40.7180929993,-73.7338502647,1159
6503B9ABW,40.717884802,-73.7347227407,1160
6503B9ABW,40.7176747021,-73.7355944618,1161
6503B9ABW,40.7174650967,-73.7364663856,1162
6503B9ABW,40.7172717822,-73.7372726082,1163
6503B9ABW,40.7171066469,-73.7379606667,1164
6503B9ABW,40.7169414472,-73.7386486968,1165
6503B9ABW,40.7167762434,-73.7393367234,1166
6503B9ABW,40.7166110472,-73.7400247516,1167
6503B9ABW,40.7164458996,-73.7407127981,1168
6503B9ABW,40.716280754,-73.7414008439,1169
6503B9ABW,40.7161156034,-73.7420888858,1170
6503B9ABW,40.7159504485,-73.7427769242,1171
6503B9ABW,40.7157852895,-73.7434649593,1172
6503B9ABW,40.7156201362,-73.744152995,1173
6503B9ABW,40.7154550449,-73.7448410547,1174
6503B9ABW,40.7152899617,-73.7455291161,1175
6503B9ABW,40.7151248744,-73.746217174,1176
6503B9ABW,40.714959784,-73.746905229,1177
6503B9ABW,40.7147948116,-73.7475933311,1178
6503B9ABW,40.7146299187,-73.7482814644,1179
6503B9ABW,40.7144650216,-73.7489695944,1180
6503B9ABW,40.7143001049,-73.7496577144,1181
6503B9ABW,40.7141347115,-73.7503456351,1182
6503B9ABW,40.7139690922,-73.7510334603,1183
6503B9ABW,40.7138037691,-73.7517214066,1184
6503B9ABW,40.7136388154,-73.7524095045,1185
6503B9ABW,40.7134734252,-73.7530974196,1186
6503B9ABW,40.7133073193,-73.7537850352,1187
6503B9ABW,40.7131419874,-73.7544729703,1188
6503B9ABW,40.7129774059,-73.7551612153,1189
6503B9ABW,40.7128120257,-73.7558491275,1190
6503B9ABW,40.7126464154,-73.7565369427,1191
6503B9ABW,40.7124811868,-73.7572249148,1192
6503B9ABW,40.7123157534,-73.7579128001,1193
6503B9ABW,40.7121502667,-73.7586006615,1194
6503B9ABW,40.7119855758,-73.7592888509,1195
6503B9ABW,40.7118210275,-73.7599770977,1196
6503B9ABW,40.7116554592,-73.7606649195,1197
6503B9ABW,40.7114893571,-73.761352518,1198
6503B9ABW,40.7113237529,-73.7620403215,1199
6503B9ABW,40.711159153,-73.7627285401,1200
6503B9ABW,40.7109941661,-73.7634165968,1201
6503B9ABW,40.7108287903,-73.7641044908,1202
6503B9ABW,40.7106634041,-73.7647923788,1203
6503B9ABW,40.7104979357,-73.7654802309,1204
6503B9ABW,40.7103324315,-73.7661680664,1205
6503B9ABW,40.7101668667,-73.7668558751,1206
6503B9ABW,40.7099867792,-73.7676047006,1207
6503B9ABW,40.7097826472,-73.7684542517,1208
6503B9ABW,40.7095785079,-73.7693037977,1209
6503B9ABW,40.7093743633,-73.7701533385,1210
6503B9ABW,40.7091700917,-73.7710028247,1211
6503B9ABW,40.7089654731,-73.7718521638,1212
6503B9ABW,40.7087618126,-73.7727018978,1213
6503B9ABW,40.7085582305,-73.7735516619,1214
6503B9ABW,40.7083540193,-73.7744011614,1215
6503B9ABW,40.7081489178,-73.7752502894,1216
6503B9ABW,40.7079435523,-73.7760993042,1217
6503B9ABW,40.7077358183,-73.7769585093,1218
6503B9ABW,40.7075287252,-73.7778175707,1219
6503B9ABW,40.7073238084,-73.7786775259,1220
6503B9ABW,40.7071161518,-73.7795363442,1221
6503B9ABW,40.7069114709,-73.7803963946,1222
6503B9ABW,40.7067077181,-73.7812568224,1223
6503B9ABW,40.7065030217,-73.7821168622,1224
6503B9ABW,40.70629912,-73.7829772242,1225
6503B9ABW,40.7060948135,-73.783837419,1226
6503B9ABW,40.7058907006,-73.7846976896,1227
6503B9ABW,40.7056854602,-73.7855574934,1228
6503B9ABW,40.7054789256,-73.7864167588,1229
6503B9ABW,40.7052716041,-73.7872756936,1230
6503B9ABW,40.7050620322,-73.7881336836,1231
6503B9ABW,40.7048523187,-73.7889916094,1232
6503B9ABW,40.7046447878,-73.7898504507,1233
6503B9ABW,40.7044379895,-73.7907095942,1234
6503B9ABW,40.7042316119,-73.791568911,1235
6503B9ABW,40.7040246286,-73.7924279723,1236
6503B9ABW,40.7038188925,-73.7932875462,1237
6503B9ABW,40.7036113475,-73.7941463619,1238
6503B9ABW,40.7034048163,-73.7950055962,1239
6503B9ABW,40.7031923587,-73.79586231,1240
6503B9ABW,40.7029693839,-73.7967143705,1241
6503B9ABW,40.7027637914,-73.797573988,1242
6503B9ABW,40.7025606148,-73.7984345987,1243
6503B9ABW,40.7023569813,-73.7992950197,1244
6503B9ABW,40.7021526365,-73.8001551489,1245
6503B9ABW,40.7019424656,-73.8010127745,1246
6503B9ABW,40.7016876485,-73.8018492952,1247
6503B9ABW,40.7014279491,-73.802683235,1248
6503B9ABW,40.7011823852,-73.8035244225,1249
6503B9ABW,40.7009382077,-73.8043664031,1250
6503B9ABW,40.7007015884,-73.8052120767,1251
6503B9ABW,40.7004673006,-73.8060588556,1252
6503B9ABW,40.700228997,-73.8069037364,1253
6503B9ABW,40.6999915822,-73.8077490464,1254