shape_id,shape_pt_lat,shape_pt_lon,shape_pt_sequence
436E0248W,40.6995474365,-73.8093335103,1
436E0248W,40.699357703,-73.8100103433,2
436E0248W,40.6991679729,-73.8106871759,3
436E0248W,40.6989850328,-73.8113670313,4
436E0248W,40.6988260318,-73.812057254,5
436E0248W,40.6986855118,-73.8127544266,6
436E0248W,40.6985452486,-73.8134517538,7
436E0248W,40.6984238896,-73.8141544391,8
436E0248W,40.6983717559,-73.8148713066,9
436E0248W,40.6983875649,-73.8155912568,10
436E0248W,40.6984777501,-73.8163014574,11
436E0248W,40.6986396797,-73.8169895007,12
436E0248W,40.6988572337,-73.8176509354,13
436E0248W,40.699117224,-73.8182858199,14
436E0248W,40.6994103603,-73.8188952204,15
436E0248W,40.699736187,-73.8194752983,16
436E0248W,40.7000914517,-73.8200248268,17
436E0248W,40.7004683258,-73.820549061,18
436E0248W,40.7008592527,-73.8210553062,19
436E0248W,40.7012635481,-73.8215431418,20
436E0248W,40.7016780551,-73.8220159392,21
436E0248W,40.7020973212,-73.8224815488,22
436E0248W,40.7025179609,-73.8229449623,23
436E0248W,40.7029361225,-73.8234122436,24
436E0248W,40.7033551462,-73.8238782383,25
436E0248W,40.7037751417,-73.8243427219,26
436E0248W,40.7041947523,-73.8248078088,27
436E0248W,40.7046141795,-73.8252731856,28
436E0248W,40.7050336183,-73.8257385473,29
436E0248W,40.7054527545,-73.8262043822,30
436E0248W,40.7058719439,-73.8266701374,31
436E0248W,40.7062909902,-73.8271361137,32
436E0248W,40.7067101168,-73.8276019649,33
436E0248W,40.7071296988,-73.8280671181,34
436E0248W,40.7075491645,-73.8285324551,35
436E0248W,40.7079685067,-73.8289979872,36
436E0248W,40.7083876494,-73.8294638325,37
436E0248W,40.7088069159,-73.8299294881,38
436E0248W,40.7092262839,-73.8303949888,39
436E0248W,40.7096456439,-73.8308605048,40
436E0248W,40.7100649346,-73.8313261315,41
436E0248W,40.7104843946,-73.8317914977,42
436E0248W,40.7109039453,-73.8322567255,43
436E0248W,40.7113234018,-73.8327221028,44
436E0248W,40.7117423212,-73.8331883176,45
436E0248W,40.7121612934,-73.8336544535,46
436E0248W,40.7125805279,-73.8341201851,47
436E0248W,40.7129997665,-73.834585913,48
436E0248W,40.7134188959,-73.8350518136,49
436E0248W,40.7138378087,-73.8355180534,50
436E0248W,40.7142567137,-73.8359843082,51
436E0248W,40.7146754837,-73.8364507753,52
436E0248W,40.7150949512,-73.8369161292,53
436E0248W,40.715508951,-73.8373898367,54
436E0248W,40.7159133355,-73.8378776114,55
436E0248W,40.7163055695,-73.8383822325,56
436E0248W,40.716683722,-73.8389050698,57
436E0248W,40.7170472415,-73.8394455663,58
436E0248W,40.7173967772,-73.8400017662,59
436E0248W,40.7177304037,-73.8405745696,60
436E0248W,40.71804858,-73.8411624009,61
436E0248W,40.7183504171,-73.8417649122,62
436E0248W,40.7186366269,-73.8423804664,63
436E0248W,40.7189058437,-73.8430091369,64
436E0248W,40.7191593338,-73.8436490224,65
436E0248W,40.719401041,-73.8442967807,66
436E0248W,40.7196398837,-73.8449464119,67
436E0248W,40.7198785974,-73.8455961271,68
436E0248W,40.7201166663,-73.8462462534,69
436E0248W,40.7203547638,-73.8468963638,70
436E0248W,40.720592952,-73.8475464193,71
436E0248W,40.7208310794,-73.8481965155,72
436E0248W,40.7210694952,-73.8488464314,73
436E0248W,40.7213080043,-73.8494962905,74
436E0248W,40.7215464614,-73.8501461849,75
436E0248W,40.7217849003,-73.8507960931,76
436E0248W,40.7220231847,-73.8514461015,77
436E0248W,40.7222612755,-73.8520962348,78
436E0248W,40.7224990633,-73.8527465619,79
436E0248W,40.7227368254,-73.8533969076,80
436E0248W,40.722975041,-73.8540469688,81
436E0248W,40.7232132471,-73.8546970384,82
436E0248W,40.7234514064,-73.85534714,83
436E0248W,40.7236898044,-73.8559970926,84
436E0248W,40.7239276624,-73.856647389,85
436E0248W,40.7241652899,-73.8572978335,86
436E0248W,40.7244034586,-73.8579479383,87
436E0248W,40.7246416987,-73.8585980003,88
436E0248W,40.7248799626,-73.8592480495,89
436E0248W,40.7251182418,-73.8598980914,90
436E0248W,40.7253565753,-73.8605481012,91
436E0248W,40.725594843,-73.8611981549,92
436E0248W,40.7258329751,-73.8618482969,93
436E0248W,40.7260711137,-73.8624984371,94
436E0248W,40.726309305,-73.8631485462,95
436E0248W,40.7265476761,-73.8637985437,96
436E0248W,40.7267862594,-73.8644484087,97
436E0248W,40.7270238475,-73.8650989057,98
436E0248W,40.7272613654,-73.8657494495,99
436E0248W,40.7274993318,-73.8663997125,100
436E0248W,40.7277371845,-73.8670500496,101
436E0248W,40.7279749874,-73.8677004206,102
436E0248W,40.7282130668,-73.868350619,103
436E0248W,40.7284514069,-73.8690006546,104
436E0248W,40.7286899943,-73.869650536,105
436E0248W,40.7289281198,-73.870300712,106
436E0248W,40.7291660413,-73.8709510194,107
436E0248W,40.7294049136,-73.8716007263,108
436E0248W,40.7296432529,-73.8722507727,109
436E0248W,40.7298807429,-73.8729013595,110
436E0248W,40.7301189659,-73.8735514855,111
436E0248W,40.7303571412,-73.8742016442,112
436E0248W,40.7305952027,-73.8748518772,113
436E0248W,40.7308332604,-73.8755021149,114
436E0248W,40.731071307,-73.8761523619,115
436E0248W,40.7313092818,-73.8768026566,116
436E0248W,40.7315464179,-73.8774534825,117
436E0248W,40.7317837349,-73.8781041962,118
436E0248W,40.7320221757,-73.8787542026,119
436E0248W,40.7322599776,-73.8794046157,120
436E0248W,40.7324976926,-73.8800550863,121
436E0248W,40.7327355881,-73.8807054451,122
436E0248W,40.7329736331,-73.8813557116,123
436E0248W,40.7332119924,-73.8820057815,124
436E0248W,40.7334508096,-73.8826555631,125
436E0248W,40.7336925804,-73.8833034254,126
436E0248W,40.7339409609,-73.8839469815,127
436E0248W,40.7341964832,-73.8845856122,128
436E0248W,40.7344597895,-73.8852188349,129
436E0248W,40.7347262863,-73.8858497523,130
436E0248W,40.7349934894,-73.8864801577,131
436E0248W,40.7352609788,-73.887110356,132
436E0248W,40.7355283294,-73.8877406585,133
436E0248W,40.735795333,-73.8883712177,134
436E0248W,40.7360621888,-73.8890018876,135
436E0248W,40.7363289209,-73.8896326502,136
436E0248W,40.7365964117,-73.8902628591,137
436E0248W,40.7368628967,-73.8908938067,138
436E0248W,40.7371292329,-73.8915248661,139
436E0248W,40.7373957985,-73.8921557606,140
436E0248W,40.7376628829,-73.8927862735,141
436E0248W,40.7379356674,-73.8934123645,142
436E0248W,40.7382301063,-73.8940211477,143
436E0248W,40.7385460376,-73.8946109591,144
436E0248W,40.7388959856,-73.8951657308,145
436E0248W,40.739277895,-73.8956838536,146
436E0248W,40.7396764399,-73.8961797034,147
436E0248W,40.7401101651,-73.8966202278,148
436E0248W,40.740538124,-73.897071584,149
436E0248W,40.7409611595,-73.8975315342,150
436E0248W,40.7413840191,-73.8979917667,151
436E0248W,40.7418067775,-73.8984521616,152
436E0248W,40.742230361,-73.8989112476,153
436E0248W,40.7426538148,-73.8993705437,154
436E0248W,40.7430771345,-73.8998300561,155
436E0248W,40.7435006337,-73.9002892842,156
436E0248W,40.7439252368,-73.9007467502,157
436E0248W,40.7443503374,-73.9012034178,158
436E0248W,40.7447803661,-73.9016519679,159
436E0248W,40.7452132293,-73.9020958502,160
436E0248W,40.7456409927,-73.9025481562,161
436E0248W,40.7460661162,-73.9030047764,162
436E0248W,40.7464841046,-73.9034726003,163
436E0248W,40.746900063,-73.9039436171,164
436E0248W,40.7473162165,-73.9044143388,165
436E0248W,40.7477308791,-73.9048873258,166
436E0248W,40.7481411241,-73.9053668057,167
436E0248W,40.7485351305,-73.9058691052,168
436E0248W,40.7489087628,-73.9063975591,169
436E0248W,40.7492599062,-73.9069522075,170
436E0248W,40.7495890471,-73.9075294698,171
436E0248W,40.7498951927,-73.9081284825,172
436E0248W,40.7501789799,-73.9087459692,173
436E0248W,40.7504356278,-73.9093837502,174
436E0248W,40.7506659211,-73.9100387985,175
436E0248W,40.7508662968,-73.910710403,176
436E0248W,40.751011242,-73.9114053322,177
436E0248W,40.7510850782,-73.9121194368,178
436E0248W,40.751096372,-73.912840406,179
436E0248W,40.7510493804,-73.9135586692,180
436E0248W,40.7509555751,-73.9142695972,181
436E0248W,40.7508377803,-73.9149745577,182
436E0248W,40.7507115165,-73.9156770333,183
436E0248W,40.7505858962,-73.9163797009,184
436E0248W,40.7504589813,-73.9170819801,185
436E0248W,40.7503313113,-73.9177840229,186
436E0248W,40.7502049781,-73.9184864803,187
436E0248W,40.7500791634,-73.9191890967,188
436E0248W,40.7499499154,-73.9198906322,189
436E0248W,40.7498182214,-73.9205913826,190
436E0248W,40.7496854998,-73.9212917965,191
436E0248W,40.749552553,-73.9219921352,192
436E0248W,40.7494208386,-73.9226928748,193
436E0248W,40.7492886927,-73.9233934729,194
436E0248W,40.7491562772,-73.924093981,195
436E0248W,40.749023011,-73.9247942086,196
436E0248W,40.7488916492,-73.9254950527,197
436E0248W,40.7487583987,-73.9261952826,198
436E0248W,40.7486262757,-73.926895877,199
436E0248W,40.7484954056,-73.9275968803,200
436E0248W,40.7483634274,-73.9282975228,201
436E0248W,40.7482323714,-73.9289984575,202
436E0248W,40.7481042118,-73.9297003223,203
436E0248W,40.7479761019,-73.9304022017,204
436E0248W,40.7478479878,-73.9311040785,205
436E0248W,40.7477198677,-73.931805952,206
436E0248W,40.7475853226,-73.9325056917,207
436E0248W,40.7474447534,-73.9332034304,208
436E0248W,40.74730418,-73.9339011662,209
436E0248W,40.7471635686,-73.934598887,210
436E0248W,40.7470182284,-73.9352948623,211
436E0248W,40.7468504782,-73.9359819328,212
436E0248W,40.7466757615,-73.9366661863,213
436E0248W,40.7464785249,-73.9373392489,214
436E0248W,40.7462591018,-73.938000679,215
436E0248W,40.7460210151,-73.9386509978,216
436E0248W,40.7457791585,-73.9392988487,217
436E0248W,40.7455165813,-73.9399325207,218
436E0248W,40.7452493672,-73.9405630175,219
436E0248W,40.7449821496,-73.9411935093,220
436E0248W,40.7447149283,-73.9418239958,221
436E0248W,40.7444494158,-73.9424557162,222
436E0248W,40.7441872384,-73.9430898472,223
436E0248W,40.7439251439,-73.9437240358,224
436E0248W,40.7436630459,-73.9443582193,225
436E0248W,40.7434009444,-73.9449923979,226
436E0248W,40.7431395403,-73.9456270332,227
436E0248W,40.7428998371,-73.9462759617,228
436E0248W,40.7426704009,-73.9469316517,229
436E0248W,40.742440961,-73.9475873372,230
436E0248W,40.7422115173,-73.9482430182,231
436E0248W,40.74199551,-73.9489058445,232
436E0248W,40.741803533,-73.9495818322,233
436E0248W,40.7416228651,-73.950262566,234
436E0248W,40.7414852991,-73.9509611,235
436E0248W,40.7413704073,-73.9516663226,236
436E0248W,40.7412829056,-73.9523787507,237
436E0248W,40.741233748,-73.9530966017,238
436E0248W,40.7412056497,-73.9538173884,239
436E0248W,40.7411982856,-73.9545386474,240
436E0248W,40.7412358141,-73.9552579966,241
436E0248W,40.7413108738,-73.9559725884,242
436E0248W,40.7413817236,-73.9566881265,243
436E0248W,40.7414471789,-73.9574047041,244
436E0248W,40.7415218922,-73.9581196957,245
436E0248W,40.7415991839,-73.9588342462,246
436E0248W,40.7416764711,-73.9595487983,247
436E0248W,40.7417552464,-73.9602630661,248
436E0248W,40.7418363312,-73.960976892,249
436E0248W,40.7419174381,-73.9616907145,250
436E0248W,40.7419985405,-73.9624045388,251
436E0248W,40.7420796385,-73.9631183648,252
436E0248W,40.7421607321,-73.9638321925,253
436E0248W,40.7422418212,-73.964546022,254
436E0248W,40.742322906,-73.9652598533,255
436E0248W,40.7424039863,-73.9659736862,256
436E0248W,40.7424850622,-73.9666875209,257
436E0248W,40.7425661336,-73.9674013574,258
436E0248W,40.7426472006,-73.9681151956,259
436E0248W,40.7427282633,-73.9688290355,260
436E0248W,40.7428093214,-73.9695428771,261
436E0248W,40.7428903752,-73.9702567205,262
436E0248W,40.7429714245,-73.9709705656,263
436E0248W,40.7430524694,-73.9716844125,264
436E0248W,40.7431335771,-73.9723982476,265
436E0248W,40.7432231572,-73.9731098341,266
436E0248W,40.7433638407,-73.9738066874,267
436E0248W,40.7435186713,-73.974498928,268
436E0248W,40.7437115405,-73.975174019,269
436E0248W,40.7439242764,-73.9758387498,270
436E0248W,40.7441777277,-73.9764785633,271
436E0248W,40.7444363392,-73.9771152212,272
436E0248W,40.7446949473,-73.9777518841,273
436E0248W,40.7449548064,-73.9783876582,274
436E0248W,40.7452188633,-73.9790204444,275
436E0248W,40.7454832554,-73.9796529944,276
436E0248W,40.745747644,-73.9802855493,277
436E0248W,40.7460120291,-73.9809181093,278
436E0248W,40.7462764108,-73.9815506743,279
436E0248W,40.7465407889,-73.9821832444,280
436E0248W,40.7468051636,-73.9828158194,281
436E0248W,40.7470695348,-73.9834483995,282
436E0248W,40.7473339025,-73.9840809846,283
436E0248W,40.7475982667,-73.9847135747,284
436E0248W,40.7478626275,-73.9853461698,285
436E0248W,40.7481269847,-73.98597877,286
436E0248W,40.7483913385,-73.9866113751,287
436E0248W,40.7486556888,-73.9872439853,288
436E0248W,40.7489200356,-73.9878766006,289
436E0248W,40.7491843789,-73.9885092208,290
436E0248W,40.7494487184,-73.9891418463,291
436E0248W,40.7496805199,-73.9897914667,292
436E0248W,40.7498120878,-73.9904901466,293
436E0248W,40.7499891582,-73.9911623295,294
436E0248W,40.7502405568,-73.9918040184,295
436E0248W,40.7504919517,-73.992445712,296
436E0248W,40.7507433431,-73.9930874105,297