shape_id,shape_pt_lat,shape_pt_lon,shape_pt_sequence
C5955902,40.7672242268,-73.5286899753,687
C5955902,40.7673881944,-73.5280009287,688
C5955902,40.7675368111,-73.5273060904,689
C5955902,40.7676705974,-73.5266058468,690
C5955902,40.7678069912,-73.5259064861,691
C5955902,40.7679360941,-73.5252047393,692
C5955902,40.7680661455,-73.5245032994,693
C5955902,40.7681589314,-73.5237929507,694
C5955902,40.7681612211,-73.5230731014,695
C5955902,40.7680655289,-73.5223641069,696
C5955902,40.7678744804,-73.5216898181,697
C5955902,40.7675949418,-73.5210703051,698
C5955902,40.7672552918,-73.520503942,699
C5955902,40.7668975545,-73.5199563314,700
C5955902,40.7665409813,-73.5194073958,701
C5955902,40.7661830285,-73.5188600016,702
C5955902,40.7658255624,-73.5183120576,703
C5955902,40.7654679067,-73.5177643317,704
C5955902,40.7651104168,-73.5172164209,705
C5955902,40.7647526675,-73.5166688054,706
C5955902,40.7643949129,-73.5161211991,707
C5955902,40.7640377738,-73.5155729016,708
C5955902,40.7636802018,-73.5150250944,709
C5955902,40.7633227883,-73.5144771111,710
C5955902,40.7629649235,-73.5139296407,711
C5955902,40.7626071783,-73.513382038,712
C5955902,40.7622498099,-73.5128340126,713
C5955902,40.7618924401,-73.5122859917,714
C5955902,40.761534728,-73.5117383608,715
C5955902,40.7611764013,-73.5111914276,716
C5955902,40.7608182443,-73.5106443057,717
C5955902,40.7604611669,-73.5100959676,718
C5955902,40.7601041518,-73.5095475616,719
C5955902,40.7597467086,-73.5089996416,720
C5955902,40.7593887158,-73.5084523451,721
C5955902,40.7590308162,-73.5079049468,722
C5955902,40.7586728422,-73.5073576359,723
C5955902,40.7583156554,-73.5068094381,724
C5955902,40.7579574462,-73.5062624022,725
C5955902,40.7575995911,-73.5057149669,726
C5955902,40.7572418758,-73.5051673744,727
C5955902,40.7568841312,-73.5046198182,728
C5955902,40.7565263094,-73.5040723529,729
C5955902,40.7561693875,-73.5035238745,730
C5955902,40.7558119666,-73.502975961,731
C5955902,40.7554537323,-73.5024289708,732
C5955902,40.7550959788,-73.5018814407,733
C5955902,40.7547386916,-73.5013333859,734
C5955902,40.7543807714,-73.5007860489,735
C5955902,40.7540240193,-73.5002373991,736
C5955902,40.7536654846,-73.4996907662,737
C5955902,40.7533070992,-73.4991439659,738
C5955902,40.7529498323,-73.4985959022,739
C5955902,40.7525922729,-73.4980481714,740
C5955902,40.7522351228,-73.497499982,741
C5955902,40.75187819,-73.4969515506,742
C5955902,40.7515209563,-73.4964034611,743
C5955902,40.7511635731,-73.495855543,744
C5955902,40.7508057422,-73.4953081334,745
C5955902,40.7504479466,-73.4947606866,746
C5955902,40.7500903561,-73.4942130113,747
C5955902,40.7497330978,-73.4936649641,748
C5955902,40.7493755767,-73.4931172162,749
C5955902,40.7490176105,-73.4925699741,750
C5955902,40.7486596172,-73.4920227657,751
C5955902,40.7483024887,-73.4914745845,752
C5955902,40.747945383,-73.4909263803,753
C5955902,40.7475876917,-73.4903788391,754
C5955902,40.7472300396,-73.4898312566,755
C5955902,40.7468724893,-73.489283562,756
C5955902,40.7465150894,-73.4887357007,757
C5955902,40.7461577643,-73.4881877578,758
C5955902,40.7458003433,-73.4876399262,759
C5955902,40.7454426819,-73.4870923688,760
C5955902,40.7450852074,-73.4865446033,761
C5955902,40.7447278354,-73.4859967253,762
C5955902,40.7443698457,-73.4854495478,763
C5955902,40.7440119211,-73.4849022999,764
C5955902,40.743654678,-73.4843542852,765
C5955902,40.7432972417,-73.4838064915,766
C5955902,40.7429392513,-73.4832593264,767
C5955902,40.7425817801,-73.482711578,768
C5955902,40.7422244637,-73.4821636576,769
C5955902,40.7418672988,-73.4816155694,770
C5955902,40.7415101207,-73.4810674989,771
C5955902,40.7411526413,-73.4805197719,772
C5955902,40.740794594,-73.4799726887,773
C5955902,40.7404368937,-73.479425216,774
C5955902,40.7400796666,-73.4788772129,775
C5955902,40.7397220491,-73.4783296535,776
C5955902,40.7393644295,-73.4777820987,777
C5955902,40.7390066585,-73.4772347184,778
C5955902,40.7386492657,-73.4766869164,779
C5955902,40.7382923088,-73.4761386241,780
C5955902,40.7379358835,-73.4755897373,781
C5955902,40.737579164,-73.475041184,782
C5955902,40.7372226966,-73.4744923552,783
C5955902,40.7368649392,-73.4739449768,784
C5955902,40.7365078819,-73.473396815,785
C5955902,40.7361496526,-73.4728499779,786
C5955902,40.7357917725,-73.4723027467,787
C5955902,40.7354334908,-73.4717559726,788
C5955902,40.7350746054,-73.4712098861,789
C5955902,40.7347156327,-73.470663902,790
C5955902,40.7343569446,-73.4701175984,791
C5955902,40.7339994876,-73.4695699305,792
C5955902,40.7336416647,-73.4690226635,793
C5955902,40.7332901083,-73.4684684734,794
C5955902,40.7329588871,-73.4678934161,795
C5955902,40.7326597874,-73.467288674,796
C5955902,40.7323945553,-73.466657237,797
C5955902,40.7321649805,-73.4660021283,798
C5955902,40.7319700848,-73.465327824,799
C5955902,40.7318122172,-73.4646370409,800
C5955902,40.7316879527,-73.4639344774,801
C5955902,40.731604253,-73.463221637,802
C5955902,40.7315583821,-73.4625028601,803
C5955902,40.731552452,-73.4617815801,804
C5955902,40.7315845347,-73.4610615507,805
C5955902,40.7316544773,-73.4603460835,806
C5955902,40.7317635265,-73.4596391703,807
C5955902,40.7319054511,-73.4589423135,808
C5955902,40.7320611942,-73.4582503328,809
C5955902,40.7322182825,-73.4575588736,810
C5955902,40.7323751372,-73.4568673207,811
C5955902,40.7325316173,-73.4561756203,812
C5955902,40.7326893676,-73.4554844154,813
C5955902,40.7328464339,-73.4547929402,814
C5955902,40.7330036332,-73.4541015154,815
C5955902,40.7331609057,-73.4534101178,816
C5955902,40.7333184119,-73.4527188107,817
C5955902,40.7334756334,-73.45202739,818
C5955902,40.7336333474,-73.4513361623,819
C5955902,40.7337899645,-73.4506445013,820
C5955902,40.7339464533,-73.4499527901,821
C5955902,40.7341041954,-73.4492615688,822
C5955902,40.7342606942,-73.4485698575,823
C5955902,40.7344179532,-73.4478784437,824
C5955902,40.7345749535,-73.4471869265,825
C5955902,40.7347323612,-73.4464955656,826
C5955902,40.734889658,-73.4458041603,827
C5955902,40.7350457825,-73.4451122947,828
C5955902,40.7352033366,-73.4444209878,829
C5955902,40.7353603982,-73.4437294866,830
C5955902,40.7355169866,-73.4430377969,831
C5955902,40.7356741446,-73.4423463279,832
C5955902,40.735831464,-73.4416549208,833
C5955902,40.735988676,-73.4409634698,834
C5955902,40.7361452872,-73.4402717818,835
C5955902,40.7363027369,-73.439580425,836
C5955902,40.7364593987,-73.4388887586,837
C5955902,40.7366162775,-73.4381971935,838
C5955902,40.7367748471,-73.4375063047,839
C5955902,40.736931486,-73.4368146461,840
C5955902,40.7370882384,-73.4361230069,841
C5955902,40.7372457918,-73.435431678,842
C5955902,40.7374023586,-73.4347399594,843
C5955902,40.7375597234,-73.434048555,844
C5955902,40.73771673,-73.4333570112,845
C5955902,40.7378742616,-73.4326656696,846
C5955902,40.7380313123,-73.4319741361,847
C5955902,40.7381874845,-73.4312822555,848
C5955902,40.7383449839,-73.4305908935,849
C5955902,40.7385026958,-73.4298996133,850
C5955902,40.7386595871,-73.429208009,851
C5955902,40.7388165243,-73.4285164208,852
C5955902,40.7389735824,-73.4278248784,853
C5955902,40.7391301517,-73.4271331434,854
C5955902,40.7392869594,-73.4264415025,855
C5955902,40.739445096,-73.4257503804,856
C5955902,40.7396035723,-73.4250593909,857
C5955902,40.7397623324,-73.4243685124,858
C5955902,40.739920492,-73.4236773959,859
C5955902,40.7400776317,-73.4229858754,860
C5955902,40.7402345602,-73.4222942698,861
C5955902,40.7403897914,-73.4216020022,862
C5955902,40.7405464171,-73.4209102755,863
C5955902,40.7407026857,-73.4202184062,864
C5955902,40.7408582402,-73.4195262573,865
C5955902,40.7410094687,-73.4188324719,866
C5955902,40.7411561886,-73.4181370101,867
C5955902,40.7413082125,-73.4174435191,868
C5955902,40.7414556965,-73.4167483313,869
C5955902,40.7416101541,-73.4160557678,870
C5955902,40.7417674142,-73.4153642791,871
C5955902,40.7419242295,-73.4146726119,872
C5955902,40.742081629,-73.4139811716,873
C5955902,40.7422387777,-73.4132896309,874
C5955902,40.7423955258,-73.4125979315,875
C5955902,40.742552268,-73.4119062281,876
C5955902,40.742709332,-73.4112146494,877
C5955902,40.7428666003,-73.4105231491,878
C5955902,40.7430238454,-73.4098316382,879
C5955902,40.7431808425,-73.4091400284,880
C5955902,40.7433383274,-73.4084486093,881
C5955902,40.743494976,-73.4077568608,882
C5955902,40.743653089,-73.4070656864,883
C5955902,40.7438105963,-73.4063742706,884
C5955902,40.7439677256,-73.4056827046,885
C5955902,40.7441241549,-73.4049908626,886
C5955902,40.7442811801,-73.4042992524,887
C5955902,40.7444386635,-73.4036078206,888
C5955902,40.7445951532,-73.4029160009,889
C5955902,40.7447537592,-73.4022250174,890
C5955902,40.7449106708,-73.4015333573,891
C5955902,40.7450675192,-73.4008416694,892
C5955902,40.7452244384,-73.4001500076,893
C5955902,40.7453814528,-73.3994583817,894
C5955902,40.7455389211,-73.3987669325,895
C5955902,40.7456958712,-73.3980752784,896
C5955902,40.7458526878,-73.3973835703,897
C5955902,40.7460102277,-73.3966921444,898
C5955902,40.7461671341,-73.396000468,899
C5955902,40.7463238425,-73.3953087123,900
C5955902,40.7464810517,-73.3946171515,901
C5955902,40.7466381397,-73.3939255415,902
C5955902,40.7467948903,-73.3932337975,903
C5955902,40.7469521685,-73.3925422589,904
C5955902,40.7471095526,-73.3918507602,905
C5955902,40.7472672032,-73.3911593649,906
C5955902,40.7474246223,-73.3904678772,907
C5955902,40.7475816474,-73.3897762336,908
C5955902,40.7477395761,-73.3890849448,909
C5955902,40.7478958823,-73.3883930158,910
C5955902,40.7480523814,-73.3877011603,911
C5955902,40.7482096549,-73.3870096069,912
C5955902,40.7483670013,-73.3863180804,913
C5955902,40.7485237823,-73.3856263306,914
C5955902,40.7486802174,-73.3849344442,915
C5955902,40.7488387092,-73.3842433667,916
C5955902,40.7489967308,-73.3835521018,917
C5955902,40.7491534401,-73.3828603173,918
C5955902,40.7493115884,-73.3821690983,919
C5955902,40.7494696036,-73.3814778248,920
C5955902,40.7496266686,-73.3807861746,921
C5955902,40.7497836567,-73.3800944926,922
C5955902,40.7499413276,-73.3794030779,923
C5955902,40.7500987716,-73.3787115726,924
C5955902,40.7502553931,-73.3780197421,925
C5955902,40.7504124942,-73.3773280979,926
C5955902,40.7505701226,-73.3766366597,927
C5955902,40.7507274329,-73.3759450949,928
C5955902,40.7508841906,-73.3752533111,929
C5955902,40.751041351,-73.3745616838,930
C5955902,40.7511986026,-73.3738700906,931
C5955902,40.7513558243,-73.3731784841,932
C5955902,40.7515134451,-73.3724870331,933
C5955902,40.7516706418,-73.3717954135,934
C5955902,40.7518276441,-73.3711037159,935
C5955902,40.7519844658,-73.3704119458,936
C5955902,40.752142071,-73.3697204824,937
C5955902,40.7522995413,-73.3690289643,938
C5955902,40.7524562875,-73.3683371598,939
C5955902,40.7526128492,-73.3676452818,940
C5955902,40.7527702764,-73.3669537417,941
C5955902,40.7529276705,-73.3662621867,942
C5955902,40.7530846623,-73.365570472,943
C5955902,40.7532415264,-73.3648787057,944
C5955902,40.7533989694,-73.364187165,945
C5955902,40.7535561576,-73.3634955225,946
C5955902,40.7537133259,-73.3628038705,947
C5955902,40.7538707206,-73.3621123058,948
C5955902,40.7540280501,-73.3614207142,949
C5955902,40.7541866057,-73.3607296076,950
C5955902,40.754344338,-73.3600381721,951
C5955902,40.7545017177,-73.359346595,952
C5955902,40.7546595221,-73.3586551839,953
C5955902,40.7548177767,-73.3579639489,954
C5955902,40.754975523,-73.3572725117,955
C5955902,40.7551327803,-73.35658088,956
C5955902,40.7552905229,-73.3558894378,957
C5955902,40.7554484227,-73.355198056,958
C5955902,40.7556060171,-73.3545065522,959
C5955902,40.7557634081,-73.3538149664,960
C5955902,40.7559208743,-73.3531234087,961
C5955902,40.7560784032,-73.352431874,962
C5955902,40.7562360717,-73.3517403928,963
C5955902,40.7563939509,-73.351048993,964
C5955902,40.756551635,-73.3503575146,965
C5955902,40.7567091753,-73.3496659779,966
C5955902,40.7568667115,-73.3489744379,967
C5955902,40.7570242512,-73.3482828976,968
C5955902,40.757181911,-73.3475914031,969
C5955902,40.7573396098,-73.3468999223,970
C5955902,40.7574973044,-73.3462084382,971
C5955902,40.7576550112,-73.3455169573,972
C5955902,40.7578128049,-73.3448255091,973
C5955902,40.7579706085,-73.3441340631,974
C5955902,40.758128408,-73.3434426138,975
C5955902,40.7582861083,-73.3427511239,976
C5955902,40.7584436531,-73.3420595709,977
C5955902,40.7586012108,-73.3413680214,978
C5955902,40.7587590583,-73.3406765846,979
C5955902,40.7589170017,-73.339985184,980
C5955902,40.7590749409,-73.3392937801,981
C5955902,40.7592327018,-73.3386023042,982
C5955902,40.7593902198,-73.3379107309,983
C5955902,40.7595477535,-73.3372191621,984
C5955902,40.7597056559,-73.3365277373,985
C5955902,40.7598636897,-73.3358363626,986
C5955902,40.7600216399,-73.3351449533,987
C5955902,40.7601790311,-73.3344533219,988
C5955902,40.7603363108,-73.333761645,989
C5955902,40.7604936056,-73.3330699724,990
C5955902,40.7606516332,-73.3323785875,991
C5955902,40.7608084537,-73.3316867332,992
C5955902,40.7609665924,-73.3309953934,993
C5955902,40.7611252527,-73.3303042548,994
C5955902,40.7612824126,-73.3296125217,995
C5955902,40.761439578,-73.3289207884,996
C5955902,40.7615980278,-73.3282295619,997
C5955902,40.7617562722,-73.3275382518,998
C5955902,40.7619129497,-73.3268463236,999
C5955902,40.7620706687,-73.3261548022,1000
C5955902,40.7622288915,-73.3254634779,1001
C5955902,40.762386621,-73.3247719576,1002
C5955902,40.7625434782,-73.3240800922,1003
C5955902,40.7627010908,-73.3233885221,1004
C5955902,40.7628587616,-73.322696973,1005
C5955902,40.7630163571,-73.3220053926,1006
C5955902,40.7631741149,-73.3213138746,1007
C5955902,40.7633320329,-73.3206224182,1008
C5955902,40.7634900626,-73.3199310049,1009
C5955902,40.7636473328,-73.3192392901,1010
C5955902,40.7638046561,-73.3185475944,1011
C5955902,40.7639622585,-73.3178560073,1012
C5955902,40.7641198621,-73.3171644192,1013
C5955902,40.7642774782,-73.316472834,1014
C5955902,40.764435219,-73.3157812962,1015
C5955902,40.7645925597,-73.3150895994,1016
C5955902,40.7647492365,-73.3143976435,1017
C5955902,40.7649071139,-73.3137061557,1018
C5955902,40.7650647671,-73.3130145768,1019
C5955902,40.7652222661,-73.3123229361,1020
C5955902,40.7653801992,-73.3116314684,1021
C5955902,40.7655374808,-73.3109397391,1022
C5955902,40.7656950114,-73.3102481055,1023
C5955902,40.7658522704,-73.3095563637,1024
C5955902,40.7660094489,-73.3088645882,1025
C5955902,40.7661669262,-73.3081729286,1026
C5955902,40.7663243823,-73.3074812589,1027
C5955902,40.7664817769,-73.3067895634,1028
C5955902,40.7666392452,-73.3060978957,1029
C5955902,40.7667976093,-73.30540658,1030
C5955902,40.7669555383,-73.3047150905,1031
C5955902,40.7671128328,-73.3040233492,1032
C5955902,40.7672699744,-73.303331546,1033
C5955902,40.7674274485,-73.3026398722,1034
C5955902,40.7675854404,-73.3019484015,1035
C5955902,40.7677422881,-73.3012564804,1036
C5955902,40.7678999263,-73.3005648669,1037
C5955902,40.768057879,-73.2998733755,1038
C5955902,40.7682152598,-73.2991816581,1039
C5955902,40.7683733405,-73.2984902141,1040
C5955902,40.7685311792,-73.297798673,1041
C5955902,40.7686891861,-73.297107197,1042
C5955902,40.7688462893,-73.2964153654,1043
C5955902,40.7690027487,-73.2957232773,1044
C5955902,40.7691604048,-73.2950316574,1045
C5955902,40.7693183567,-73.2943401523,1046
C5955902,40.7694759893,-73.2936485198,1047
C5955902,40.7696323551,-73.2929563887,1048
C5955902,40.7697894689,-73.2922645491,1049
C5955902,40.7699471928,-73.2915729475,1050
C5955902,40.7701046926,-73.2908812559,1051
C5955902,40.7702610493,-73.2901891156,1052
C5955902,40.7704188725,-73.2894975509,1053
C5955902,40.7705762511,-73.288805807,1054
C5955902,40.7707341246,-73.2881142571,1055
C5955902,40.7708910828,-73.2874223467,1056
C5955902,40.7710486664,-73.2867306801,1057
C5955902,40.7712057397,-73.2860388093,1058
C5955902,40.7713629063,-73.2853469736,1059
C5955902,40.7715202427,-73.2846552121,1060
C5955902,40.7716778409,-73.2839636072,1061
C5955902,40.7718352512,-73.2832718717,1062
C5955902,40.77199183,-73.2825797993,1063
C5955902,40.7721495406,-73.2818881701,1064
C5955902,40.772307246,-73.2811965383,1065
C5955902,40.7724641976,-73.2805046073,1066
C5955902,40.7726214938,-73.2798128104,1067
C5955902,40.7727782757,-73.2791208104,1068
C5955902,40.7729358044,-73.2784291021,1069
C5955902,40.7730933328,-73.2777373915,1070
C5955902,40.773250741,-73.2770456335,1071
C5955902,40.7734077504,-73.2763537187,1072
C5955902,40.7735636434,-73.2756613863,1073
C5955902,40.7737220432,-73.2749700293,1074
C5955902,40.7738797074,-73.2742783641,1075
C5955902,40.7740375729,-73.273586776,1076
C5955902,40.7741947299,-73.2728949073,1077
C5955902,40.7743512089,-73.2722027709,1078
C5955902,40.7745080136,-73.2715107612,1079
C5955902,40.774665735,-73.2708191096,1080
C5955902,40.7748243165,-73.2701278003,1081
C5955902,40.7749801528,-73.2694354158,1082
C5955902,40.7751368609,-73.2687433628,1083
C5955902,40.7752950917,-73.2680519136,1084
C5955902,40.7754516238,-73.2673597896,1085
C5955902,40.775609027,-73.2666680034,1086
C5955902,40.7757659551,-73.2659760288,1087
C5955902,40.7759234743,-73.2652842854,1088
C5955902,40.7760798096,-73.2645920854,1089
C5955902,40.7762377353,-73.2639005018,1090
C5955902,40.776394462,-73.2632084423,1091
C5955902,40.7765516356,-73.2625165562,1092
C5955902,40.7767084986,-73.2618245459,1093
C5955902,40.7768655799,-73.2611326204,1094
C5955902,40.7770233814,-73.26044098,1095
C5955902,40.777180219,-73.259748955,1096
C5955902,40.7773373972,-73.2590570623,1097
C5955902,40.7774941705,-73.2583650111,1098
C5955902,40.777651653,-73.2576732392,1099
C5955902,40.7778098709,-73.2569817583,1100
C5955902,40.7779658372,-73.2562893908,1101
C5955902,40.77812361,-73.255597724,1102
C5955902,40.778280371,-73.2549056576,1103
C5955902,40.7784371223,-73.2542135854,1104
C5955902,40.7785940315,-73.2535215744,1105
C5955902,40.7787521811,-73.2528300511,1106
C5955902,40.7789087826,-73.2521379159,1107
C5955902,40.7790655903,-73.2514458593,1108
C5955902,40.7792225538,-73.2507538621,1109
C5955902,40.7793797852,-73.2500619685,1110
C5955902,40.7795373112,-73.2493701896,1111
C5955902,40.7796938985,-73.2486780403,1112
C5955902,40.7798508318,-73.2479860252,1113
C5955902,40.7800084851,-73.2472942915,1114
C5955902,40.7801655252,-73.2466023147,1115
C5955902,40.7803229198,-73.2459104756,1116
C5955902,40.7804793648,-73.2452182632,1117
C5955902,40.7806366351,-73.2445263735,1118
C5955902,40.7807933392,-73.2438342595,1119
C5955902,40.7809499872,-73.2431421208,1120
C5955902,40.7811070692,-73.2424501507,1121
C5955902,40.7812637738,-73.2417580309,1122
C5955902,40.7814204845,-73.2410659121,1123
C5955902,40.7815776507,-73.2403739792,1124
C5955902,40.7817337547,-73.2396816416,1125
C5955902,40.7818908131,-73.2389896561,1126
C5955902,40.782048044,-73.2382977357,1127
C5955902,40.7822047327,-73.2376056005,1128
C5955902,40.7823613337,-73.2369134287,1129
C5955902,40.7825182594,-73.2362213824,1130
C5955902,40.7826751607,-73.235529325,1131
C5955902,40.7828318444,-73.2348371806,1132
C5955902,40.7829883863,-73.2341449791,1133
C5955902,40.7831455262,-73.2334530106,1134
C5955902,40.7833022813,-73.2327608894,1135
C5955902,40.7834592044,-73.2320688325,1136
C5955902,40.7836164319,-73.2313768934,1137
C5955902,40.7837734149,-73.2306848568,1138
C5955902,40.7839298286,-73.2299925953,1139
C5955902,40.7840857795,-73.2293001519,1140
C5955902,40.7842435103,-73.2286084067,1141
C5955902,40.7844009034,-73.2279165265,1142
C5955902,40.7845570951,-73.2272241717,1143
C5955902,40.7847134082,-73.2265318627,1144
C5955902,40.7848703709,-73.225839807,1145
C5955902,40.7850277272,-73.225147904,1146
C5955902,40.7851847744,-73.2244558777,1147
C5955902,40.7853415767,-73.2237637538,1148
C5955902,40.7854981972,-73.223071557,1149
C5955902,40.7856550518,-73.2223794503,1150
C5955902,40.7858120058,-73.2216873809,1151
C5955902,40.7859690097,-73.2209953295,1152
C5955902,40.7861259193,-73.2203032395,1153
C5955902,40.7862827842,-73.2196111302,1154
C5955902,40.786439231,-73.2189188557,1155
C5955902,40.7865955903,-73.2182265453,1156
C5955902,40.7867528172,-73.2175345739,1157
C5955902,40.7869101136,-73.2168426277,1158
C5955902,40.7870672875,-73.2161506319,1159
C5955902,40.7872237521,-73.2154583562,1160
C5955902,40.7873798597,-73.2147659396,1161
C5955902,40.7875370243,-73.2140739355,1162
C5955902,40.7876939817,-73.213381849,1163
C5955902,40.7878504211,-73.212689557,1164
C5955902,40.7880075955,-73.211997552,1165
C5955902,40.7881650273,-73.2113056492,1166
C5955902,40.7883204906,-73.2106129722,1167
C5955902,40.788476693,-73.2099205825,1168
C5955902,40.7886350311,-73.2092290322,1169
C5955902,40.7887914999,-73.2085367436,1170
C5955902,40.7889472959,-73.2078441896,1171
C5955902,40.7891047372,-73.2071522784,1172
C5955902,40.7892616611,-73.2064601623,1173
C5955902,40.7894182008,-73.2057678955,1174
C5955902,40.7895730938,-73.2050749873,1175
C5955902,40.7897311708,-73.2043833283,1176
C5955902,40.7898872035,-73.2036908669,1177
C5955902,40.7900438697,-73.2029986419,1178
C5955902,40.790200703,-73.2023064805,1179
C5955902,40.7903571036,-73.2016141507,1180
C5955902,40.7905137058,-73.2009218967,1181
C5955902,40.7906705194,-73.2002297239,1182
C5955902,40.7908259355,-73.1995370101,1183
C5955902,40.7909816235,-73.1988443951,1184
C5955902,40.7911324758,-73.1981499556,1185
C5955902,40.7912790154,-73.1974538911,1186
C5955902,40.7914235234,-73.1967570925,1187
C5955902,40.7915683368,-73.1960604026,1188
C5955902,40.791713905,-73.1953639798,1189
C5955902,40.7918583887,-73.1946671629,1190
C5955902,40.7920031232,-73.1939704344,1191
C5955902,40.7921475231,-73.1932735854,1192
C5955902,40.7922927874,-73.1925770466,1193
C5955902,40.7924380067,-73.1918804886,1194
C5955902,40.7925833296,-73.1911839675,1195
C5955902,40.7927271178,-73.1904868965,1196
C5955902,40.7928720373,-73.1897902324,1197
C5955902,40.7930173711,-73.1890937111,1198
C5955902,40.793164524,-73.1883978518,1199
C5955902,40.7933159774,-73.1877035924,1200
C5955902,40.7934669845,-73.1870091682,1201
C5955902,40.7936161001,-73.1863140291,1202
C5955902,40.7937627495,-73.1856179791,1203
C5955902,40.7939070868,-73.1849210898,1204
C5955902,40.7940524163,-73.1842245549,1205
C5955902,40.7941967527,-73.1835276651,1206
C5955902,40.7943423925,-73.1828312425,1207
C5955902,40.7944873591,-73.1821345713,1208
C5955902,40.7946321397,-73.1814378321,1209
C5955902,40.7947771132,-73.180741163,1210
C5955902,40.7949225111,-73.1800446475,1211
C5955902,40.7950672444,-73.1793478864,1212
C5955902,40.7952120032,-73.1786511336,1213
C5955902,40.7953574844,-73.1779546406,1214
C5955902,40.7955021729,-73.1772578752,1215
C5955902,40.7956468751,-73.1765611049,1216
C5955902,40.795791508,-73.1758643052,1217
C5955902,40.7959374669,-73.1751679799,1218
C5955902,40.7960819293,-73.1744711131,1219
C5955902,40.7962274218,-73.1737746182,1220
C5955902,40.7963719734,-73.1730777801,1221
C5955902,40.7965161659,-73.1723808112,1222
C5955902,40.7966601521,-73.1716837707,1223
C5955902,40.7968045535,-73.1709869013,1224
C5955902,40.7969514239,-73.170290903,1225
C5955902,40.797097124,-73.1695944712,1226
C5955902,40.7972410621,-73.1688974092,1227
C5955902,40.7973867317,-73.1682009658,1228
C5955902,40.7975309302,-73.1675039873,1229
C5955902,40.7976759274,-73.1668072946,1230
C5955902,40.7978216193,-73.1661108535,1231
C5955902,40.7979665609,-73.165414138,1232
C5955902,40.7981118639,-73.1647175511,1233
C5955902,40.7982565146,-73.1640207268,1234
C5955902,40.7984008923,-73.1633238046,1235
C5955902,40.798546329,-73.1626272653,1236
C5955902,40.7986912576,-73.1619305381,1237
C5955902,40.798836146,-73.1612337944,1238
C5955902,40.7989808273,-73.1605369747,1239
C5955902,40.7991246779,-73.159839855,1240
C5955902,40.7992698659,-73.1591432139,1241
C5955902,40.7994150632,-73.1584465771,1242
C5955902,40.7995594934,-73.1577496608,1243
C5955902,40.7997049082,-73.157053099,1244
C5955902,40.7998490926,-73.1563560932,1245
C5955902,40.7999943802,-73.1556594805,1246
C5955902,40.8001393918,-73.1549627667,1247
C5955902,40.80028353,-73.1542657393,1248
C5955902,40.800428161,-73.153568887,1249
C5955902,40.8005735581,-73.1528723089,1250
C5955902,40.8007183202,-73.1521754995,1251
C5955902,40.8008643845,-73.1514791593,1252
C5955902,40.8010093807,-73.1507824316,1253
C5955902,40.8011534891,-73.1500853845,1254
C5955902,40.8012981456,-73.1493885374,1255
C5955902,40.8014437235,-73.1486920179,1256
C5955902,40.8015887639,-73.1479953001,1257
C5955902,40.8017331238,-73.1472983361,1258
C5955902,40.8018779599,-73.1466015424,1259
C5955902,40.8020223705,-73.1459045957,1260
C5955902,40.8021662071,-73.1452074397,1261
C5955902,40.8023113291,-73.1445107428,1262
C5955902,40.8024566272,-73.1438141078,1263
C5955902,40.8026010616,-73.1431171616,1264
C5955902,40.8027456329,-73.1424202635,1265
C5955902,40.8028904286,-73.1417234437,1266
C5955902,40.8030355628,-73.1410267436,1267
C5955902,40.8031803953,-73.1403299335,1268
C5955902,40.8033264677,-73.1396335738,1269
C5955902,40.8034700374,-73.1389363142,1270
C5955902,40.8036133778,-73.138238971,1271
C5955902,40.8037582718,-73.1375421892,1272
C5955902,40.8039036737,-73.1368455792,1273
C5955902,40.804048948,-73.1361489196,1274
C5955902,40.8041933889,-73.1354519586,1275
C5955902,40.8043380779,-73.1347550847,1276
C5955902,40.8044827432,-73.1340582006,1277
C5955902,40.8046278057,-73.133361458,1278
C5955902,40.8047725628,-73.132664604,1279
C5955902,40.8049169594,-73.131967619,1280
C5955902,40.8050622919,-73.1312709691,1281
C5955902,40.8052073755,-73.130574228,1282
C5955902,40.8053516843,-73.1298772066,1283
C5955902,40.8054962721,-73.1291802839,1284
C5955902,40.8056411256,-73.1284834551,1285
C5955902,40.8057855828,-73.1277864823,1286
C5955902,40.8059301632,-73.1270895524,1287
C5955902,40.806075245,-73.1263928013,1288
C5955902,40.8062186775,-73.1256954652,1289
C5955902,40.8063565129,-73.1249962014,1290
C5955902,40.8064786553,-73.1242919806,1291
C5955902,40.8065730722,-73.1235805804,1292
C5955902,40.8066465848,-73.1228646672,1293
C5955902,40.8067118744,-73.1221473658,1294
C5955902,40.8067749123,-73.1214296981,1295
C5955902,40.8068373264,-73.1207119352,1296
C5955902,40.8068989483,-73.1199940534,1297
C5955902,40.8069625816,-73.1192764915,1298
C5955902,40.807023791,-73.1185585568,1299
C5955902,40.8070870558,-73.117840921,1300
C5955902,40.8071494994,-73.1171231595,1301
C5955902,40.8072113519,-73.116405309,1302
C5955902,40.8072739417,-73.115687569,1303
C5955902,40.8073373719,-73.1149699557,1304
C5955902,40.807399825,-73.1142521926,1305
C5955902,40.8074619945,-73.1135343862,1306
C5955902,40.8075241914,-73.1128165841,1307
C5955902,40.8075849749,-73.112098581,1308
C5955902,40.8076477797,-73.1113808748,1309
C5955902,40.8077116929,-73.1106633343,1310
C5955902,40.8077705533,-73.109945055,1311
C5955902,40.8078349056,-73.1092276182,1312
C5955902,40.807898242,-73.1085099914,1313
C5955902,40.807960926,-73.1077922571,1314
C5955902,40.8080236425,-73.1070745271,1315
C5955902,40.8080857875,-73.1063567103,1316
54C9D02A,40.8081477972,-73.1056388725,1
54C9D02A,40.8082100926,-73.1049210771,2
54C9D02A,40.8082729346,-73.1042033633,3
54C9D02A,40.8083355878,-73.1034856203,4
54C9D02A,40.8083980035,-73.1027678408,5
54C9D02A,40.8084604671,-73.1020500697,6
54C9D02A,40.8085221273,-73.1013321855,7
54C9D02A,40.8085849498,-73.1006144678,8
54C9D02A,40.8086468802,-73.0998966327,9
54C9D02A,40.8087093664,-73.0991789271,10
54C9D02A,40.8087718594,-73.0984611681,11
54C9D02A,40.8088347905,-73.0977434639,12
54C9D02A,40.808898132,-73.0970258213,13
54C9D02A,40.8089610506,-73.0963081146,14
54C9D02A,40.8090222841,-73.0955901543,15
54C9D02A,40.8090852267,-73.0948724495,16
54C9D02A,40.8091470187,-73.0941545705,17
54C9D02A,40.8092093492,-73.0934367695,18
54C9D02A,40.8092739752,-73.0927193575,19
54C9D02A,40.8093346176,-73.0920013534,20
54C9D02A,40.8093962715,-73.0912834622,21
54C9D02A,40.8094591927,-73.0905657657,22
54C9D02A,40.8095215502,-73.0898479689,23
54C9D02A,40.8095835297,-73.0891301113,24
54C9D02A,40.8096458114,-73.0884122988,25
54C9D02A,40.8097078359,-73.0876944499,26
54C9D02A,40.8097710579,-73.0869767815,27
54C9D02A,40.8098331736,-73.0862589421,28
54C9D02A,40.8098952831,-73.0855411085,29
54C9D02A,40.8099571277,-73.0848232378,30
54C9D02A,40.8100190984,-73.084105376,31
54C9D02A,40.8100814805,-73.0833875743,32
54C9D02A,40.8101443317,-73.0826698441,33
54C9D02A,40.8102062561,-73.0819519724,34
54C9D02A,40.8102675599,-73.0812340081,35
54C9D02A,40.8103300331,-73.0805162166,36
54C9D02A,40.8103927745,-73.0797984648,37
54C9D02A,40.8104556616,-73.0790807344,38
54C9D02A,40.8105181319,-73.0783629402,39
54C9D02A,40.8105807054,-73.0776451612,40
54C9D02A,40.8106435495,-73.0769274225,41
54C9D02A,40.8107063357,-73.0762096741,42
54C9D02A,40.8107687331,-73.0754918667,43
54C9D02A,40.8108302335,-73.0747739241,44
54C9D02A,40.8108920288,-73.0740560251,45
54C9D02A,40.8109553782,-73.0733383621,46
54C9D02A,40.8110171037,-73.0726204527,47
54C9D02A,40.8110792282,-73.0719026008,48
54C9D02A,40.8111413405,-73.0711847463,49
54C9D02A,40.8112034481,-73.0704668903,50
54C9D02A,40.8112659849,-73.0697490982,51
54C9D02A,40.8113278294,-73.0690312039,52
54C9D02A,40.8113900793,-73.0683133699,53
54C9D02A,40.811452304,-73.0675955289,54
54C9D02A,40.8115146907,-73.0668777114,55
54C9D02A,40.8115771592,-73.0661599056,56
54C9D02A,40.8116393701,-73.0654420603,57
54C9D02A,40.8117019178,-73.0647242652,58
54C9D02A,40.8117642503,-73.0640064369,59
54C9D02A,40.8118266847,-73.0632886232,60
54C9D02A,40.8118889735,-73.0625707875,61
54C9D02A,40.811950578,-73.0618528485,62
54C9D02A,40.8120129035,-73.0611350165,63
54C9D02A,40.8120750854,-73.0604171625,64
54C9D02A,40.8121368903,-73.0596992514,65
54C9D02A,40.8121991756,-73.0589814113,66
54C9D02A,40.8122613526,-73.0582635542,67
54C9D02A,40.8123237479,-73.0575457293,68
54C9D02A,40.8123858012,-73.0568278524,69
54C9D02A,40.8124477547,-73.0561099604,70
54C9D02A,40.8125111162,-73.0553922805,71
54C9D02A,40.8125721032,-73.054674252,72
54C9D02A,40.8126345961,-73.0539564415,73
54C9D02A,40.8126972969,-73.0532386589,74
54C9D02A,40.8127597381,-73.0525208371,75
54C9D02A,40.8128209624,-73.0518028345,76
54C9D02A,40.8128836487,-73.05108505,77
54C9D02A,40.8129462598,-73.0503672514,78
54C9D02A,40.8130081005,-73.0496493362,79
54C9D02A,40.8130694765,-73.0489313514,80
54C9D02A,40.8131327319,-73.0482136534,81
54C9D02A,40.813194449,-73.0474957274,82
54C9D02A,40.8132570263,-73.0467779211,83
54C9D02A,40.8133181122,-73.0460598924,84
54C9D02A,40.813380045,-73.0453419876,85
54C9D02A,40.8134422775,-73.0446241283,86
54C9D02A,40.8135041974,-73.0439062204,87
54C9D02A,40.8135668456,-73.0431884217,88
54C9D02A,40.8136283582,-73.0424704517,89
54C9D02A,40.8136908183,-73.0417526228,90
54C9D02A,40.8137522723,-73.0410346456,91
54C9D02A,40.81381391,-73.0403166941,92
54C9D02A,40.813876151,-73.0395988323,93
54C9D02A,40.8139388342,-73.0388810353,94
54C9D02A,40.8139999431,-73.038163003,95
54C9D02A,40.8140628059,-73.0374452309,96
54C9D02A,40.8141249138,-73.0367273453,97
54C9D02A,40.8141866053,-73.0360093991,98
54C9D02A,40.8142492607,-73.035291603,99
54C9D02A,40.8143116555,-73.0345737673,100
54C9D02A,40.8143730962,-73.0338557809,101
54C9D02A,40.8144354527,-73.0331379371,102
54C9D02A,40.8144978733,-73.0324200968,103
54C9D02A,40.8145596179,-73.0317021524,104
54C9D02A,40.814621544,-73.030984233,105
54C9D02A,40.8146838705,-73.0302663794,106
54C9D02A,40.8147444381,-73.0295482602,107
54C9D02A,40.814805785,-73.0288302588,108
54C9D02A,40.8148700584,-73.0281127042,109
54C9D02A,40.814931362,-73.0273946889,110
54C9D02A,40.8149931855,-73.0266767499,111
54C9D02A,40.8150548399,-73.0259587846,112
54C9D02A,40.8151165455,-73.0252408264,113
54C9D02A,40.8151791859,-73.0245230083,114
54C9D02A,40.8152413227,-73.0238051134,115
54C9D02A,40.815303337,-73.0230871995,116
54C9D02A,40.8153647995,-73.0223692024,117
54C9D02A,40.8154267526,-73.0216512778,118
54C9D02A,40.8154887046,-73.0209333528,119
54C9D02A,40.8155503495,-73.0202153829,120
54C9D02A,40.8156121196,-73.0194974302,121
54C9D02A,40.8156736277,-73.0187794389,122
54C9D02A,40.8157358635,-73.018061555,123
54C9D02A,40.8157989416,-73.0173437997,124
54C9D02A,40.8158611852,-73.016625916,125
54C9D02A,40.8159222767,-73.0159078611,126
54C9D02A,40.8159847745,-73.015190013,127
54C9D02A,40.8160468648,-73.0144721044,128
54C9D02A,40.8161076303,-73.0137539967,129
54C9D02A,40.8161690361,-73.0130359825,130
54C9D02A,40.816230529,-73.0123179805,131
54C9D02A,40.8162926276,-73.0116000687,132
54C9D02A,40.8163557709,-73.0108823137,133
54C9D02A,40.8164184501,-73.0101644876,134
54C9D02A,40.8164800186,-73.0094464947,135
54C9D02A,40.8165414637,-73.0087284828,136
54C9D02A,40.816603367,-73.0080105386,137
54C9D02A,40.8166658334,-73.0072926781,138
54C9D02A,40.8167278091,-73.006574743,139
54C9D02A,40.8167892716,-73.0058567316,140
54C9D02A,40.8168516143,-73.0051388511,141
54C9D02A,40.8169131205,-73.0044208442,142
54C9D02A,40.8169745869,-73.0037028305,143
54C9D02A,40.8170361788,-73.0029848347,144
54C9D02A,40.8170973973,-73.0022667828,145
54C9D02A,40.8171590911,-73.0015488009,146
54C9D02A,40.8172214867,-73.0008309233,147
54C9D02A,40.8172834889,-73.0001129859,148
54C9D02A,40.8173456043,-72.9993950648,149
54C9D02A,40.8174075411,-72.9986771162,150
54C9D02A,40.8174692492,-72.9979591328,151
54C9D02A,40.8175310469,-72.9972411624,152
54C9D02A,40.8175928051,-72.9965231862,153
54C9D02A,40.8176548642,-72.9958052533,154
54C9D02A,40.8177165301,-72.9950872611,155
54C9D02A,40.8177785186,-72.9943693169,156
54C9D02A,40.8178415362,-72.9936515271,157
54C9D02A,40.81790324,-72.9929335395,158
54C9D02A,40.8179651747,-72.9922155847,159
54C9D02A,40.8180268783,-72.9914975947,160
54C9D02A,40.8180891564,-72.9907796911,161
54C9D02A,40.8181521894,-72.9900619092,162
54C9D02A,40.8182116672,-72.9893435996,163
54C9D02A,40.818274397,-72.9886257624,164
54C9D02A,40.8183368102,-72.9879078765,165
54C9D02A,40.8183983319,-72.9871898554,166
54C9D02A,40.8184600767,-72.9864718671,167
54C9D02A,40.8185209593,-72.9857537511,168
54C9D02A,40.8185827261,-72.9850357646,169
54C9D02A,40.8186449052,-72.984317839,170
54C9D02A,40.8187064071,-72.9835998138,171
54C9D02A,40.8187675813,-72.9828817414,172
54C9D02A,40.8188304357,-72.9821639162,173
54C9D02A,40.8188921758,-72.9814459255,174
54C9D02A,40.8189537447,-72.9807279076,175
54C9D02A,40.8190152943,-72.9800098848,176
54C9D02A,40.8190778962,-72.9792920186,177
54C9D02A,40.8191395649,-72.9785740116,178
54C9D02A,40.8192016392,-72.9778560643,179
54C9D02A,40.8192627548,-72.9771379747,180
54C9D02A,40.819323578,-72.9764198412,181
54C9D02A,40.8193857484,-72.9757019065,182
54C9D02A,40.8194485768,-72.9749840707,183
54C9D02A,40.8195102012,-72.9742660538,184
54C9D02A,40.8195718311,-72.9735480363,185
54C9D02A,40.8196325017,-72.9728298767,186
54C9D02A,40.8196936086,-72.9721117806,187
54C9D02A,40.8197556815,-72.9713938275,188
54C9D02A,40.8198182491,-72.9706759479,189
54C9D02A,40.819879626,-72.9699578898,190
54C9D02A,40.8199407408,-72.9692397918,191
54C9D02A,40.8200018223,-72.9685216883,192
54C9D02A,40.8200632742,-72.9678036396,193
54C9D02A,40.8201260871,-72.9670857941,194
54C9D02A,40.8201877871,-72.9663677808,195
54C9D02A,40.8202493359,-72.9656497438,196
54C9D02A,40.8203108104,-72.9649316954,197
54C9D02A,40.8203712798,-72.9642134983,198
54C9D02A,40.8204325009,-72.9634954111,199
54C9D02A,40.8204940642,-72.9627773736,200
54C9D02A,40.8205555356,-72.9620593218,201
54C9D02A,40.8206169904,-72.9613412668,202
54C9D02A,40.8206789747,-72.9606232903,203
54C9D02A,40.8207406784,-72.959905272,204
54C9D02A,40.8208012365,-72.9591870832,205
54C9D02A,40.8208624669,-72.9584689925,206
54C9D02A,40.8209237683,-72.9577509115,207
54C9D02A,40.820984823,-72.9570327934,208
54C9D02A,40.8210458507,-72.9563146707,209
54C9D02A,40.8211067929,-72.9555965348,210
54C9D02A,40.8211677037,-72.9548783935,211
54C9D02A,40.8212286645,-72.9541602592,212
54C9D02A,40.8212913711,-72.9534423861,213
54C9D02A,40.8213539081,-72.9527244865,214
54C9D02A,40.8214149779,-72.9520063662,215
54C9D02A,40.8214753114,-72.9512881373,216
54C9D02A,40.8215360015,-72.9505699604,217
54C9D02A,40.8215976537,-72.9498519242,218
54C9D02A,40.8216589162,-72.9491338296,219
54C9D02A,40.8217199415,-72.9484156993,220
54C9D02A,40.8217811129,-72.9476975899,221
54C9D02A,40.8218424785,-72.9469795084,222
54C9D02A,40.8219037603,-72.946261414,223
54C9D02A,40.8219645042,-72.9455432398,224
54C9D02A,40.8220251331,-72.944825048,225
54C9D02A,40.8220857189,-72.9441068492,226
54C9D02A,40.822146418,-72.9433886664,227
54C9D02A,40.8222073923,-72.9426705232,228
54C9D02A,40.8222683727,-72.9419523804,229
54C9D02A,40.8223293494,-72.9412342363,230
54C9D02A,40.8223894794,-72.9405159688,231
54C9D02A,40.822448945,-72.9397976046,232
54C9D02A,40.8225100336,-72.9390794756,233
54C9D02A,40.8225716739,-72.9383614272,234
54C9D02A,40.8226334228,-72.9376433943,235
54C9D02A,40.8226942376,-72.9369252228,236
54C9D02A,40.8227552332,-72.936207077,237
54C9D02A,40.8228162046,-72.9354889272,238
54C9D02A,40.8228760317,-72.93477061,239
54C9D02A,40.8229362675,-72.9340523519,240
54C9D02A,40.8229976264,-72.9333342571,241
54C9D02A,40.8230585617,-72.9326160992,242
54C9D02A,40.8231192066,-72.9318978979,243
54C9D02A,40.8231795232,-72.9311796482,244
54C9D02A,40.8232395704,-72.9304613586,245
54C9D02A,40.8233002296,-72.9297431576,246
54C9D02A,40.8233609931,-72.9290249711,247
54C9D02A,40.8234214601,-72.9283067406,248
54C9D02A,40.8234820335,-72.927588525,249
54C9D02A,40.8235426561,-72.9268703159,250
54C9D02A,40.8236032308,-72.9261520991,251
54C9D02A,40.8236639889,-72.9254339085,252
54C9D02A,40.8237250054,-72.9247157553,253
54C9D02A,40.8237853904,-72.9239975091,254
54C9D02A,40.8238455554,-72.9232792301,255
54C9D02A,40.8239060852,-72.9225610035,256
54C9D02A,40.823966636,-72.9218427793,257
54C9D02A,40.8240293706,-72.9211248997,258
54C9D02A,40.824111585,-72.9204106557,259
54C9D02A,40.8242290062,-72.9197050379,260
54C9D02A,40.8243846376,-72.919012469,261
54C9D02A,40.8245789394,-72.9183369848,262
54C9D02A,40.8248091642,-72.9176813088,263
54C9D02A,40.8250722115,-72.9170472935,264
54C9D02A,40.8253536546,-72.9164268844,265
54C9D02A,40.8256368288,-72.9158078121,266
54C9D02A,40.8259165181,-72.9151862309,267
54C9D02A,40.8262022469,-72.9145691909,268
54C9D02A,40.8264880679,-72.9139522164,269
54C9D02A,40.8267738409,-72.913335201,270
54C9D02A,40.8270586405,-72.9127174039,271
54C9D02A,40.8273431153,-72.9120993442,272
54C9D02A,40.8276276224,-72.9114813076,273
54C9D02A,40.8279119693,-72.9108631408,274
54C9D02A,40.8281959097,-72.9102446475,275
54C9D02A,40.8284797527,-72.9096260741,276
54C9D02A,40.8287629903,-72.9090070174,277
54C9D02A,40.8290460925,-72.9083878507,278
54C9D02A,40.829331427,-72.9077704707,279
54C9D02A,40.8296185302,-72.9071545047,280
54C9D02A,40.8299027765,-72.9065362411,281
54C9D02A,40.8301877914,-72.9059185877,282
54C9D02A,40.8304728585,-72.9053009745,283
54C9D02A,40.8307560621,-72.9046818732,284
54C9D02A,40.831040371,-72.9040636481,285
54C9D02A,40.8313249971,-72.9034456724,286
54C9D02A,40.8316093743,-72.9028274954,287
54C9D02A,40.8318939079,-72.9022094405,288
54C9D02A,40.8321774411,-72.901590589,289
54C9D02A,40.8324620919,-72.9009726309,290
54C9D02A,40.8327461462,-72.9003541912,291
54C9D02A,40.8330302709,-72.8997358003,292
54C9D02A,40.8333153598,-72.8991181763,293
54C9D02A,40.8336005089,-72.8985005976,294
54C9D02A,40.8338856026,-72.8978829718,295
54C9D02A,40.8341704819,-72.8972651728,296
54C9D02A,40.8344534232,-72.8966458306,297
54C9D02A,40.8347374718,-72.896027367,298
54C9D02A,40.8350227272,-72.8954098604,299
54C9D02A,40.8353071517,-72.8947916872,300
54C9D02A,40.8355910136,-72.8941730632,301
54C9D02A,40.835875005,-72.89355454,302
54C9D02A,40.8361591482,-72.8929361351,303
54C9D02A,40.8364427404,-72.8923172887,304
54C9D02A,40.8367266605,-72.8916987002,305
54C9D02A,40.8370106096,-72.8910801322,306
54C9D02A,40.8372950738,-72.8904619725,307
54C9D02A,40.837579957,-72.8898441443,308
54C9D02A,40.837864363,-72.8892259326,309
54C9D02A,40.8381477623,-72.888606918,310
54C9D02A,40.8384313655,-72.8879880633,311
54C9D02A,40.8387160424,-72.8873700597,312
54C9D02A,40.8390007679,-72.8867520923,313
54C9D02A,40.8392853219,-72.8861339857,314
54C9D02A,40.8395692533,-72.8855153801,315
54C9D02A,40.8398537074,-72.8848971883,316
54C9D02A,40.8401386676,-72.8842793984,317
54C9D02A,40.840422764,-72.8836609163,318
54C9D02A,40.8407068212,-72.8830424002,319
54C9D02A,40.8409913699,-72.8824242735,320
54C9D02A,40.8412757203,-72.8818059868,321
54C9D02A,40.8415590518,-72.8811868859,322
54C9D02A,40.8418428548,-72.8805681583,323
54C9D02A,40.8421274432,-72.8799500536,324
54C9D02A,40.8424109233,-72.879331063,325
54C9D02A,40.8426946279,-72.878712248,326
54C9D02A,40.8429783658,-72.8780934573,327
54C9D02A,40.8432629582,-72.8774753444,328
54C9D02A,40.8435471475,-72.8768569072,329
54C9D02A,40.8438307175,-72.8762379749,330
54C9D02A,40.8441142129,-72.8756189806,331
54C9D02A,40.844398142,-72.8750003283,332
54C9D02A,40.8446818846,-72.874381525,333
54C9D02A,40.8449651813,-72.873762365,334
54C9D02A,40.8452482727,-72.8731430395,335
54C9D02A,40.8455317045,-72.8725239815,336
54C9D02A,40.8458154522,-72.8719051717,337
54C9D02A,40.8460992377,-72.8712863895,338
54C9D02A,40.8463826321,-72.8706672945,339
54C9D02A,40.8466670438,-72.8700490061,340
54C9D02A,40.8469505427,-72.869429989,341
54C9D02A,40.8472341364,-72.8688110451,342
54C9D02A,40.8475180486,-72.8681923533,343
54C9D02A,40.847800735,-72.8675726847,344
54C9D02A,40.8480854785,-72.8669546497,345
54C9D02A,40.8483694802,-72.8663360198,346
54C9D02A,40.8486528205,-72.8657168601,347
54C9D02A,40.848936164,-72.8650977003,348
54C9D02A,40.8492197069,-72.8644786962,349
54C9D02A,40.8495033658,-72.8638597817,350
54C9D02A,40.849786905,-72.8632407699,351
54C9D02A,40.8500694301,-72.8626209519,352
54C9D02A,40.8503536598,-72.8620024875,353
54C9D02A,40.8506382412,-72.8613842994,354
54C9D02A,40.8509212397,-72.860764848,355
54C9D02A,40.8512046944,-72.8601457557,356
54C9D02A,40.851488507,-72.859526945,357
54C9D02A,40.8517725668,-72.8589083285,358
54C9D02A,40.8520562462,-72.8582894067,359
54C9D02A,40.8523397648,-72.8576703544,360
54C9D02A,40.8526231826,-72.8570512194,361
54C9D02A,40.852906577,-72.8564320632,362
54C9D02A,40.8531906352,-72.8558134326,363
54C9D02A,40.8534745043,-72.8551946491,364
54C9D02A,40.8537575604,-72.8545752181,365
54C9D02A,40.8540411531,-72.8539562171,366
54C9D02A,40.8543243255,-72.8533368823,367
54C9D02A,40.854607837,-72.8527178054,368
54C9D02A,40.8548922816,-72.8520994667,369
54C9D02A,40.8551758028,-72.8514803915,370
54C9D02A,40.8554588883,-72.850860967,371
54C9D02A,40.8557428416,-72.850242229,372
54C9D02A,40.8560264202,-72.8496231903,373
54C9D02A,40.8563102334,-72.8490043359,374
54C9D02A,40.8565943785,-72.8483857432,375
54C9D02A,40.8568776255,-72.8477664334,376
54C9D02A,40.8571611387,-72.8471473322,377
54C9D02A,40.8574446964,-72.8465282636,378
54C9D02A,40.8577287849,-72.8459096157,379
54C9D02A,40.8580137066,-72.8452916299,380
54C9D02A,40.8582969914,-72.8446723383,381
54C9D02A,40.8585799453,-72.8440527802,382
54C9D02A,40.8588632758,-72.8434335181,383
54C9D02A,40.8591467629,-72.8428143778,384
54C9D02A,40.8594304545,-72.8421953972,385
54C9D02A,40.859714134,-72.8415764045,386
54C9D02A,40.8599985897,-72.840958028,387
54C9D02A,40.8602830056,-72.8403396168,388
54C9D02A,40.8605666992,-72.8397206276,389
54C9D02A,40.860850613,-72.8391018133,390
54C9D02A,40.8611360236,-72.8384841908,391
54C9D02A,40.8614202093,-72.8378655856,392
54C9D02A,40.8617044762,-72.837247042,393
54C9D02A,40.8619890516,-72.8366287421,394
54C9D02A,40.862273073,-72.8360100006,395
54C9D02A,40.8625552041,-72.8353897563,396
54C9D02A,40.8628394955,-72.8347712255,397
54C9D02A,40.8631241116,-72.8341529482,398
54C9D02A,40.8634079764,-72.8335340687,399
54C9D02A,40.8636926196,-72.8329158076,400
54C9D02A,40.863976895,-72.8322972513,401
54C9D02A,40.8642602973,-72.8316779967,402
54C9D02A,40.8645448124,-72.8310596253,403
54C9D02A,40.8648290706,-72.8304410461,404
54C9D02A,40.8651130157,-72.8298222146,405
54C9D02A,40.8653970785,-72.8292034744,406
54C9D02A,40.8656819118,-72.8285853465,407
54C9D02A,40.8659660505,-72.8279666626,408
54C9D02A,40.8662493039,-72.8273472708,409
54C9D02A,40.8665330265,-72.8267282494,410
54C9D02A,40.866816962,-72.8261093945,411
54C9D02A,40.8671004836,-72.8254902078,412
54C9D02A,40.8673838375,-72.8248708853,413
54C9D02A,40.867666862,-72.8242512988,414
54C9D02A,40.8679498216,-72.8236316582,415
54C9D02A,40.8682327159,-72.8230119634,416
54C9D02A,40.868516038,-72.8223926052,417
54C9D02A,40.8687994322,-72.8217733019,418
54C9D02A,40.8690817677,-72.8211531575,419
54C9D02A,40.8693640716,-72.8205329852,420
54C9D02A,40.8696468086,-72.8199131526,421
54C9D02A,40.8699296067,-72.8192933657,422
54C9D02A,40.8702125278,-72.8186736737,423
54C9D02A,40.8704957167,-72.8180541914,424
54C9D02A,40.8707787428,-72.8174345773,425
54C9D02A,40.8710614876,-72.8168147378,426
54C9D02A,40.8713440521,-72.816194753,427
54C9D02A,40.871626713,-72.8155748418,428
54C9D02A,40.8719095312,-72.8149550524,429
54C9D02A,40.8721924025,-72.8143353025,430
54C9D02A,40.8724752707,-72.8137155477,431
54C9D02A,40.8727575436,-72.8130953194,432
54C9D02A,40.8730398166,-72.8124750888,433
54C9D02A,40.8733230215,-72.8118555931,434
54C9D02A,40.8736062891,-72.8112361444,435
54C9D02A,40.8738894967,-72.8106166454,436
54C9D02A,40.874172722,-72.8099971577,437
54C9D02A,40.8744554556,-72.8093772782,438
54C9D02A,40.8747377682,-72.8087570628,439
54C9D02A,40.8750203114,-72.808137027,440
54C9D02A,40.8753028867,-72.8075170139,441
54C9D02A,40.875585233,-72.8068968172,442
54C9D02A,40.8758677739,-72.806276772,443
54C9D02A,40.8761506805,-72.8056570136,444
54C9D02A,40.8764323715,-72.8050362929,445
54C9D02A,40.8767141353,-72.8044156271,446
54C9D02A,40.8769969112,-72.8037957575,447
54C9D02A,40.8772788434,-72.8031752185,448
54C9D02A,40.8775602383,-72.8025542535,449
54C9D02A,40.8778424899,-72.8019339617,450
54C9D02A,40.8781247811,-72.801313698,451
54C9D02A,40.8784067294,-72.8006931609,452
54C9D02A,40.8786886865,-72.8000726281,453
54C9D02A,40.878970751,-72.7994521774,454
54C9D02A,40.8792525589,-72.7988315218,455
54C9D02A,40.8795339348,-72.7982105234,456
54C9D02A,40.8798152338,-72.797589462,457
54C9D02A,40.8800970273,-72.7969687872,458
54C9D02A,40.8803795361,-72.7963486753,459
54C9D02A,40.8806659551,-72.7957318161,460
54C9D02A,40.8809707432,-72.7951304196,461
54C9D02A,40.881283203,-72.7945358027,462
54C9D02A,40.8815994017,-72.7939445847,463
54C9D02A,40.8819155596,-72.7933533261,464
54C9D02A,40.8822319696,-72.7927622991,465
54C9D02A,40.8825487933,-72.7921716541,466
54C9D02A,40.8828654573,-72.7915808574,467
54C9D02A,40.8831822188,-72.7909901488,468
54C9D02A,40.8834986352,-72.7903991165,469
54C9D02A,40.8838150671,-72.7898080959,470
54C9D02A,40.8841319039,-72.7892174489,471
54C9D02A,40.8844486529,-72.7886267175,472
54C9D02A,40.8847653328,-72.788035919,473
54C9D02A,40.8850823559,-72.7874454374,474
54C9D02A,40.885399346,-72.7868549222,475
54C9D02A,40.8857162353,-72.7862643106,476
54C9D02A,40.8860336897,-72.7856742231,477
54C9D02A,40.8863506366,-72.7850836593,478
54C9D02A,40.8866676547,-72.7844931589,479
54C9D02A,40.8869847144,-72.7839026944,480
54C9D02A,40.8873017121,-72.7833121695,481
54C9D02A,40.8876185466,-72.7827214897,482
54C9D02A,40.8879362987,-72.7821316647,483
54C9D02A,40.8882537582,-72.7815415633,484
54C9D02A,40.8885700351,-72.7809503573,485
54C9D02A,40.8888868606,-72.7803596596,486
54C9D02A,40.8892045069,-72.7797697234,487
54C9D02A,40.8895224331,-72.7791800462,488
54C9D02A,40.8898400796,-72.7785901045,489
54C9D02A,40.890157643,-72.7780000827,490
54C9D02A,40.8904759969,-72.777410799,491
54C9D02A,40.8907929699,-72.7768202214,492
54C9D02A,40.8911102522,-72.7762299288,493
54C9D02A,40.8914279032,-72.7756399773,494
54C9D02A,40.891745434,-72.7750499105,495
54C9D02A,40.8920629545,-72.7744598314,496
54C9D02A,40.8923805546,-72.773869824,497
54C9D02A,40.892698549,-72.7732801826,498
54C9D02A,40.8930164098,-72.7726904133,499
54C9D02A,40.8933340293,-72.7721004156,500
54C9D02A,40.8936518461,-72.7715105996,501
54C9D02A,40.8939697691,-72.77092088,502
54C9D02A,40.8942876172,-72.7703310876,503
54C9D02A,40.89460567,-72.7697414843,504
54C9D02A,40.8949230635,-72.7691512621,505
54C9D02A,40.8952407822,-72.7685613409,506
54C9D02A,40.8955586026,-72.7679715115,507
54C9D02A,40.8958758224,-72.7673811186,508
54C9D02A,40.8961943094,-72.76679191,509
54C9D02A,40.8965124185,-72.7662023435,510
54C9D02A,40.8968299314,-72.7656122153,511
54C9D02A,40.8971473058,-72.7650219579,512
54C9D02A,40.8974641772,-72.7644312421,513
54C9D02A,40.8977841478,-72.7638434219,514
54C9D02A,40.8981019784,-72.7632535804,515
54C9D02A,40.8984198535,-72.7626637772,516
54C9D02A,40.8987384484,-72.7620746463,517
54C9D02A,40.8990561646,-72.7614846891,518
54C9D02A,40.8993740248,-72.7608948633,519
54C9D02A,40.8996915461,-72.7603047179,520
54C9D02A,40.9000093437,-72.7597148279,521
54C9D02A,40.9003269519,-72.759124758,522
54C9D02A,40.9006453585,-72.7585354341,523
54C9D02A,40.9009634859,-72.7579458453,524
54C9D02A,40.9012811843,-72.7573558512,525
54C9D02A,40.9015990954,-72.7567660534,526
54C9D02A,40.9019172152,-72.7561764481,527
54C9D02A,40.9022355082,-72.7555870026,528
54C9D02A,40.9025536449,-72.7549974076,529
54C9D02A,40.9028717796,-72.7544078082,530
54C9D02A,40.9031904051,-72.7538186666,531
54C9D02A,40.9035081342,-72.7532286822,532
54C9D02A,40.9038263254,-72.7526391283,533
54C9D02A,40.9041451708,-72.7520501847,534
54C9D02A,40.9044636588,-72.7514609025,535
54C9D02A,40.904781441,-72.7508709567,536
54C9D02A,40.9050994102,-72.7502811841,537
54C9D02A,40.9054183847,-72.7496923519,538
54C9D02A,40.9057353801,-72.7491016664,539
54C9D02A,40.9060549085,-72.7485133591,540
54C9D02A,40.9063737392,-72.7479243941,541
54C9D02A,40.9066913288,-72.7473342527,542
54C9D02A,40.9070103709,-72.7467454694,543
54C9D02A,40.9073290848,-72.7461563749,544
54C9D02A,40.9076473912,-72.7455668967,545
54C9D02A,40.9079645204,-72.7449763128,546
54C9D02A,40.9082829506,-72.7443869481,547
54C9D02A,40.9086033722,-72.7437994663,548
54C9D02A,40.908920774,-72.7432091433,549
54C9D02A,40.9092389204,-72.7426195026,550
54C9D02A,40.9095566584,-72.7420294737,551
54C9D02A,40.9098753976,-72.7414403802,552
54C9D02A,40.9101938796,-72.7408510443,553
54C9D02A,40.9105117521,-72.7402611329,554
54C9D02A,40.9108306266,-72.7396721592,555
54C9D02A,40.9111478482,-72.7390816346,556
54C9D02A,40.9114655437,-72.7384915487,557
54C9D02A,40.9117823533,-72.7379006331,558
54C9D02A,40.9120963409,-72.7373071388,559
54C9D02A,40.9123981433,-72.7367028153,560
54C9D02A,40.9126858592,-72.7360866844,561
54C9D02A,40.9129565611,-72.7354572819,562
54C9D02A,40.9132110983,-72.7348162911,563
54C9D02A,40.9134475904,-72.7341633873,564
54C9D02A,40.9136659992,-72.7334996125,565
54C9D02A,40.9138681921,-72.7328270332,566
54C9D02A,40.9140537422,-72.7321461449,567
54C9D02A,40.9142189209,-72.7314561695,568
54C9D02A,40.9143655399,-72.7307589044,569
54C9D02A,40.9144950229,-72.7300558512,570
54C9D02A,40.9146043718,-72.7293468207,571
54C9D02A,40.9146959383,-72.7286334326,572
54C9D02A,40.9147707927,-72.7279166239,573
54C9D02A,40.9148353623,-72.7271980357,574
54C9D02A,40.9148963207,-72.7264788924,575
54C9D02A,40.9149561352,-72.7257595789,576
54C9D02A,40.9150170542,-72.7250404259,577
54C9D02A,40.9150758201,-72.7243209613,578
54C9D02A,40.9151346743,-72.7236015073,579
54C9D02A,40.9151945,-72.7228821925,580
54C9D02A,40.9152550123,-72.7221629763,581
54C9D02A,40.9153147408,-72.7214436456,582
54C9D02A,40.9153743233,-72.7207242931,583
54C9D02A,40.9154340846,-72.7200049657,584
54C9D02A,40.9154940351,-72.719285665,585
54C9D02A,40.9155536759,-72.7185663191,586
54C9D02A,40.9156129277,-72.7178469165,587
54C9D02A,40.9156720839,-72.7171274996,588
54C9D02A,40.9157312321,-72.7164080809,589
54C9D02A,40.9157905581,-72.7156886871,590
54C9D02A,40.9158495414,-72.7149692437,591
54C9D02A,40.9159082231,-72.7142497569,592
54C9D02A,40.9159680078,-72.7135304276,593
54C9D02A,40.9160280272,-72.7128111311,594
54C9D02A,40.9160877051,-72.7120917846,595
54C9D02A,40.9161465559,-72.7113723196,596
54C9D02A,40.9162050407,-72.7106528017,597
54C9D02A,40.9162641557,-72.7099333725,598
54C9D02A,40.9163233172,-72.7092139493,599
54C9D02A,40.9163825343,-72.7084945334,600
54C9D02A,40.9164417451,-72.7077751161,601
54C9D02A,40.9165003167,-72.7070556072,602
54C9D02A,40.9165586128,-72.7063360588,603
54C9D02A,40.9166174947,-72.7056165927,604
54C9D02A,40.9166761757,-72.7048970976,605
54C9D02A,40.9167346843,-72.7041775771,606
54C9D02A,40.9167931789,-72.7034580541,607
54C9D02A,40.9168521366,-72.7027385965,608
54C9D02A,40.9169114979,-72.7020191958,609
54C9D02A,40.9169699586,-72.7012996663,610
54C9D02A,40.9170280186,-72.7005800803,611
54C9D02A,40.9170872244,-72.6998606553,612
54C9D02A,40.9171459366,-72.6991411594,613
54C9D02A,40.9172044241,-72.698421631,614
54C9D02A,40.9172635229,-72.6977021888,615
54C9D02A,40.9173225787,-72.6969827398,616
54C9D02A,40.9173811532,-72.6962632217,617
54C9D02A,40.9174400024,-72.695543742,618
54C9D02A,40.9174990517,-72.6948242901,619
54C9D02A,40.917557898,-72.6941048086,620
54C9D02A,40.9176171015,-72.6933853781,621
54C9D02A,40.9176769373,-72.6926660382,622
54C9D02A,40.9177349182,-72.6919464404,623
54C9D02A,40.9177945372,-72.6912270779,624
54C9D02A,40.9178553233,-72.6905078769,625
54C9D02A,40.9179123287,-72.6897881647,626
54C9D02A,40.9179713472,-72.6890687049,627
54C9D02A,40.9180320323,-72.6883494844,628
54C9D02A,40.9180915332,-72.6876300918,629
54C9D02A,40.9181504256,-72.6869106105,630
54C9D02A,40.9182093298,-72.6861911302,631
54C9D02A,40.9182685767,-72.6854716982,632
54C9D02A,40.9183279593,-72.6847522849,633
54C9D02A,40.9183873493,-72.6840328721,634
54C9D02A,40.91844678,-72.6833134645,635
54C9D02A,40.9185062105,-72.6825940562,636
54C9D02A,40.918565625,-72.681874645,637
54C9D02A,40.9186250164,-72.6811552298,638
54C9D02A,40.9186842696,-72.6804357942,639
54C9D02A,40.9187433487,-72.679716333,640
54C9D02A,40.9188027306,-72.6789969147,641
54C9D02A,40.9188624881,-72.6782775496,642
54C9D02A,40.9189214535,-72.6775580713,643
54C9D02A,40.9189796965,-72.6768384897,644
54C9D02A,40.9190393416,-72.676119107,645
54C9D02A,40.9190983915,-72.6753996382,646
54C9D02A,40.9191574654,-72.6746801772,647
54C9D02A,40.9192168797,-72.6739607647,648
54C9D02A,40.9192758319,-72.6732412806,649
54C9D02A,40.9193347303,-72.6725217899,650
54C9D02A,40.9193945132,-72.6718024247,651
54C9D02A,40.919453588,-72.671082956,652
54C9D02A,40.9195123527,-72.6703634432,653
54C9D02A,40.9195717652,-72.6696440263,654
54C9D02A,40.9196318607,-72.6689247119,655
54C9D02A,40.9196905084,-72.6682051928,656
54C9D02A,40.9197500148,-72.6674857836,657
54C9D02A,40.9198081796,-72.6667661872,658
54C9D02A,40.9198670723,-72.6660466907,659
54C9D02A,40.9199266931,-72.6653272988,660
54C9D02A,40.9199866639,-72.66460797,661
54C9D02A,40.9200454186,-72.6638884507,662
54C9D02A,40.9201048153,-72.6631690202,663
54C9D02A,40.9201643744,-72.6624496125,664
54C9D02A,40.9202231875,-72.6617300978,665
54C9D02A,40.9202816193,-72.6610105281,666
54C9D02A,40.9203401033,-72.6602909652,667
54C9D02A,40.9203987398,-72.6595714232,668
54C9D02A,40.9204577054,-72.6588519274,669
54C9D02A,40.9205174048,-72.6581325363,670
54C9D02A,40.9205768115,-72.6574131022,671
54C9D02A,40.9206357676,-72.6566936032,672
54C9D02A,40.920694383,-72.6559740554,673
54C9D02A,40.9207531714,-72.6552545321,674
54C9D02A,40.9208158528,-72.6545356803,675
54C9D02A,40.9208989441,-72.653820489,676
54C9D02A,40.9210204633,-72.6531155064,677
54C9D02A,40.9211880925,-72.652426796,678
54C9D02A,40.9213942781,-72.6517564821,679
54C9D02A,40.9216356137,-72.6511068244,680
54C9D02A,40.9219103781,-72.6504806842,681
54C9D02A,40.9222147335,-72.6498786475,682
54C9D02A,40.9225345341,-72.6492904691,683
54C9D02A,40.9228566178,-72.6487044308,684
54C9D02A,40.9231792808,-72.6481189438,685
54C9D02A,40.9235023174,-72.6475338124,686
54C9D02A,40.9238252485,-72.6469485774,687
54C9D02A,40.9241474198,-72.6463626113,688
54C9D02A,40.9244697355,-72.6457767807,689
54C9D02A,40.9247925644,-72.6451914385,690
54C9D02A,40.92511487,-72.644605593,691
54C9D02A,40.9254367757,-72.6440193621,692
54C9D02A,40.9257592769,-72.6434336976,693
54C9D02A,40.9260818805,-72.6428481281,694
54C9D02A,40.9264044651,-72.6422625378,695
54C9D02A,40.9267267123,-72.6416766217,696
54C9D02A,40.9270487982,-72.6410905487,697
54C9D02A,40.9273710116,-72.6405045946,698
54C9D02A,40.9276931308,-72.6399185477,699
54C9D02A,40.928015503,-72.6393327409,700
54C9D02A,40.9283389877,-72.6387479977,701
54C9D02A,40.9286612969,-72.6381621259,702
54C9D02A,40.9289830435,-72.6375757122,703
54C9D02A,40.9293053715,-72.6369898509,704
54C9D02A,40.9296278265,-72.6364041081,705
54C9D02A,40.9299497864,-72.6358178903,706
54C9D02A,40.9302717672,-72.6352316913,707
54C9D02A,40.9305951265,-72.6346468078,708
54C9D02A,40.9309175129,-72.634060989,709
54C9D02A,40.9312396096,-72.6334748896,710
54C9D02A,40.9315619026,-72.6328889749,711
54C9D02A,40.9318839885,-72.6323028595,712
54C9D02A,40.9322059496,-72.631716622,713
54C9D02A,40.93252812,-72.6311305818,714
54C9D02A,40.9328503813,-72.6305446255,715
54C9D02A,40.933172368,-72.6299584042,716
54C9D02A,40.9334941614,-72.6293719953,717
54C9D02A,40.9338163396,-72.6287859513,718
54C9D02A,40.9341385168,-72.6281999036,719
54C9D02A,40.9344602071,-72.6276133879,720
54C9D02A,40.934781857,-72.627026831,721
54C9D02A,40.9351034835,-72.6264402488,722
54C9D02A,40.9354250658,-72.6258536218,723
54C9D02A,40.9357473221,-72.6252676361,724
54C9D02A,40.9360700371,-72.6246820859,725
54C9D02A,40.9363923788,-72.6240961765,726
54C9D02A,40.9367137064,-72.6235092956,727
54C9D02A,40.9370352333,-72.6229226021,728
54C9D02A,40.9373575847,-72.6223366927,729
54C9D02A,40.9376795736,-72.6217504343,730
54C9D02A,40.9380011162,-72.621163747,731
54C9D02A,40.938323673,-72.6205780264,732
54C9D02A,40.9386462328,-72.6199923062,733
54C9D02A,40.9389673066,-72.6194051649,734
54C9D02A,40.9392886281,-72.6188182562,735
54C9D02A,40.9396068455,-72.6182284925,736
54C9D02A,40.9399067601,-72.6176224533,737
54C9D02A,40.940176202,-72.6169923547,738
54C9D02A,40.9404111687,-72.6163385035,739
54C9D02A,40.9406110245,-72.6156646484,740
54C9D02A,40.9407769394,-72.614974936,741
54C9D02A,40.9409090268,-72.6142725742,742
54C9D02A,40.9410093493,-72.6135612022,743
54C9D02A,40.941084373,-72.6128441375,744
54C9D02A,40.9411545841,-72.6121261751,745
54C9D02A,40.941224409,-72.6114081465,746
54C9D02A,40.9412932916,-72.6106899586,747
54C9D02A,40.9413621946,-72.6099717732,748
54C9D02A,40.9414311142,-72.6092535898,749
54C9D02A,40.9415000474,-72.608535408,750
54C9D02A,40.9415694484,-72.607817304,751
54C9D02A,40.9416389932,-72.6070992233,752
54C9D02A,40.9417075502,-72.606380977,753
54C9D02A,40.9417758152,-72.6056626813,754
54C9D02A,40.941844908,-72.6049445228,755
54C9D02A,40.9419143655,-72.6042264244,756
54C9D02A,40.941983488,-72.603508269,757
54C9D02A,40.9420523814,-72.6027900746,758
54C9D02A,40.9421209687,-72.6020718285,759
54C9D02A,40.942190067,-72.601353667,760
54C9D02A,40.9422593563,-72.6006355366,761
54C9D02A,40.9423287085,-72.599917416,762
54C9D02A,40.9423976936,-72.5991992332,763
54C9D02A,40.942466452,-72.5984810118,764
54C9D02A,40.9425357357,-72.5977628777,765
54C9D02A,40.9426051779,-72.5970447692,766
54C9D02A,40.94267442,-72.5963266264,767
54C9D02A,40.9427435944,-72.5956084714,768
54C9D02A,40.942812557,-72.5948902804,769
54C9D02A,40.9428814977,-72.5941720849,770
54C9D02A,40.9429503819,-72.5934538792,771
54C9D02A,40.9430189121,-72.5927356139,772
54C9D02A,40.9430873839,-72.5920173382,773
54C9D02A,40.9431561406,-72.5912991091,774
54C9D02A,40.9432250382,-72.5905809027,775
54C9D02A,40.9432940624,-72.5898627167,776
54C9D02A,40.9433630243,-72.5891445196,777
54C9D02A,40.9434312446,-72.5884261987,778
54C9D02A,40.9434997353,-72.5877079221,779
54C9D02A,40.9435690794,-72.5869897868,780
54C9D02A,40.9436383009,-72.5862716301,781
54C9D02A,40.9437074315,-72.5855534574,782
54C9D02A,40.9437759773,-72.5848351867,783
54C9D02A,40.943844549,-72.5841169196,784
54C9D02A,40.9439137478,-72.5833987565,785
54C9D02A,40.9439822023,-72.5826804698,786
54C9D02A,40.9440564621,-72.5819633192,787
54C9D02A,40.9441651775,-72.5812543696,788
54C9D02A,40.9443272559,-72.5805636797,789
54C9D02A,40.9445450891,-72.5799000195,790
54C9D02A,40.9448136349,-72.5792695104,791
54C9D02A,40.9451311193,-72.5786800547,792
54C9D02A,40.9454948649,-72.5781387814,793
54C9D02A,40.9459004823,-72.5776522015,794
54C9D02A,40.9463372698,-72.5772144446,795
54C9D02A,40.9467880204,-72.5768012891,796
54C9D02A,40.947239917,-72.5763902855,797
54C9D02A,40.947691312,-72.5759783213,798
54C9D02A,40.948142799,-72.5755665294,799
54C9D02A,40.9485947038,-72.5751555327,800
54C9D02A,40.9490468857,-72.5747450636,801
54C9D02A,40.9494987437,-72.5743339719,802
54C9D02A,40.9499504984,-72.5739226796,803
54C9D02A,40.9504022567,-72.5735113917,804
54C9D02A,40.9508541294,-72.5731003196,805
54C9D02A,40.9513058785,-72.5726890088,806
54C9D02A,40.9517575386,-72.5722775252,807
54C9D02A,40.9522094922,-72.5718665999,808
54C9D02A,40.9526615131,-72.5714558005,809
54C9D02A,40.9531135772,-72.5710450812,810
54C9D02A,40.9535657706,-72.5706346069,811
54C9D02A,40.9540177474,-72.5702237152,812
54C9D02A,40.954469232,-72.5698118808,813
54C9D02A,40.9549211103,-72.5694007958,814
54C9D02A,40.9553733633,-72.5689904251,815
54C9D02A,40.9558255642,-72.5685799537,816
54C9D02A,40.956276972,-72.5681679617,817
54C9D02A,40.9567289274,-72.5677570137,818
54C9D02A,40.9571811782,-72.5673466275,819
54C9D02A,40.9576333982,-72.5669361803,820
54C9D02A,40.9580848636,-72.5665242885,821
54C9D02A,40.9585369113,-72.5661135068,822
54C9D02A,40.9589889421,-72.5657026887,823
54C9D02A,40.9594402919,-72.5652905678,824
54C9D02A,40.959892824,-72.5648807157,825
54C9D02A,40.9603445388,-72.5644692934,826
54C9D02A,40.960796156,-72.5640576739,827
54C9D02A,40.9612479269,-72.5636463451,828
54C9D02A,40.9616993995,-72.5632344437,829
54C9D02A,40.9621510417,-72.5628228635,830
54C9D02A,40.9626029033,-72.5624116997,831
54C9D02A,40.9630549009,-72.5620007933,832
54C9D02A,40.9635066641,-72.5615894361,833
54C9D02A,40.9639584805,-72.5611781777,834
54C9D02A,40.9644102163,-72.5607667627,835
54C9D02A,40.9648618558,-72.5603551609,836
54C9D02A,40.9653136302,-72.5599438139,837
54C9D02A,40.9657655527,-72.5595327475,838
54C9D02A,40.9662177789,-72.5591222606,839
54C9D02A,40.9666702248,-72.5587121921,840
54C9D02A,40.9671222807,-72.5583013732,841
54C9D02A,40.9675741098,-72.5578901174,842
54C9D02A,40.9680260568,-72.5574790844,843
54C9D02A,40.9684778129,-72.5570676848,844
54C9D02A,40.9689306534,-72.5566583667,845
54C9D02A,40.9693826264,-72.5562473781,846
54C9D02A,40.9698344521,-72.5558361022,847
54C9D02A,40.9702870122,-72.5554262338,848
54C9D02A,40.970739311,-72.5550158608,849
54C9D02A,40.9711911401,-72.5546045832,850
54C9D02A,40.9716433481,-72.5541940307,851
54C9D02A,40.9720962319,-72.5537847731,852
54C9D02A,40.9725484199,-72.5533741749,853
54C9D02A,40.9730003221,-72.5529630264,854
54C9D02A,40.9734524252,-72.55255226,855
54C9D02A,40.9739048681,-72.5521421424,856
54C9D02A,40.974357479,-72.551732345,857
54C9D02A,40.9748101235,-72.5513226093,858
54C9D02A,40.9752628062,-72.5509129445,859
54C9D02A,40.9757159223,-72.5505041125,860
54C9D02A,40.9761687847,-72.5500947886,861
54C9D02A,40.9766214611,-72.5496851035,862
54C9D02A,40.9770741187,-72.5492753795,863
54C9D02A,40.9775270011,-72.5488660859,864
54C9D02A,40.9779800589,-72.5484571276,865
54C9D02A,40.9784327089,-72.548047381,866
54C9D02A,40.9788857299,-72.547638348,867
54C9D02A,40.9793393961,-72.5472305575,868
54C9D02A,40.979792677,-72.5468220191,869
54C9D02A,40.9802457263,-72.5464130311,870
54C9D02A,40.9806980438,-72.546002633,871
54C9D02A,40.9811508255,-72.5455931272,872
54C9D02A,40.9816043417,-72.5451850346,873
54C9D02A,40.9820568038,-72.5447749069,874
54C9D02A,40.9825094371,-72.5443651037,875
54C9D02A,40.9829624491,-72.5439560274,876
54C9D02A,40.9834155996,-72.5435472153,877
54C9D02A,40.9838686235,-72.5431381563,878
54C9D02A,40.9843216026,-72.5427290079,879
54C9D02A,40.9847745969,-72.5423198863,880
54C9D02A,40.9852276878,-72.5419109482,881
54C9D02A,40.9856807271,-72.5415019081,882
54C9D02A,40.9861338361,-72.5410929997,883
54C9D02A,40.9865872497,-72.5406846771,884
54C9D02A,40.9870408209,-72.5402766569,885
54C9D02A,40.9874951883,-72.539870181,886
54C9D02A,40.9879492464,-72.5394631004,887
54C9D02A,40.9884034084,-72.5390562183,888
54C9D02A,40.9888580866,-72.5386503388,889
54C9D02A,40.9893123657,-72.5382436812,890
54C9D02A,40.989766543,-72.5378368248,891
54C9D02A,40.9902204684,-72.5374294725,892
54C9D02A,40.9906750694,-72.5370234326,893
54C9D02A,40.991129416,-72.5366168943,894
54C9D02A,40.9915834585,-72.5362097677,895
54C9D02A,40.9920382011,-72.5358040117,896
54C9D02A,40.9924923052,-72.5353969935,897
54C9D02A,40.9929468743,-72.5349908766,898
54C9D02A,40.9934007815,-72.5345834723,899
54C9D02A,40.9938553081,-72.534177271,900
54C9D02A,40.9943095782,-72.5337705651,901
54C9D02A,40.9947636886,-72.5333635471,902
54C9D02A,40.9952185604,-72.5329580084,903
54C9D02A,40.9956734519,-72.5325525058,904
54C9D02A,40.9961282151,-72.5321467543,905
54C9D02A,40.9965818395,-72.5317387804,906
54C9D02A,40.9970357751,-72.5313314071,907
54C9D02A,40.9974899983,-72.53092459,908
54C9D02A,40.9979436856,-72.5305167304,909
54C9D02A,40.9983975505,-72.5301092233,910
54C9D02A,40.9988456849,-72.5296909952,911
54C9D02A,40.9992735307,-72.5292377336,912
54C9D02A,40.9996758279,-72.528745206,913
54C9D02A,41.0000572527,-72.5282243655,914
54C9D02A,41.0004298588,-72.5276923064,915
54C9D02A,41.0008015456,-72.5271591237,916
54C9D02A,41.0011745492,-72.5266275452,917
54C9D02A,41.0015479656,-72.5260964658,918
54C9D02A,41.0019209841,-72.5255648966,919
54C9D02A,41.0022931332,-72.5250322649,920
54C9D02A,41.0026649962,-72.5244992821,921
54C9D02A,41.00303801,-72.5239676986,922
54C9D02A,41.0034114493,-72.5234366328,923
54C9D02A,41.0037848994,-72.5229055779,924
54C9D02A,41.0041575894,-72.5223735896,925
54C9D02A,41.0045302351,-72.5218415441,926
54C9D02A,41.0049029509,-72.5213095815,927
54C9D02A,41.0052760781,-72.5207781186,928
54C9D02A,41.0056489688,-72.5202463641,929
54C9D02A,41.0060204811,-72.5197129297,930
54C9D02A,41.0063929349,-72.5191806382,931
54C9D02A,41.0067659253,-72.5186489962,932
54C9D02A,41.0071391376,-72.5181176229,933
54C9D02A,41.0075124347,-72.5175863506,934
54C9D02A,41.0078849922,-72.5170541713,935
54C9D02A,41.00825767,-72.5165221357,936
54C9D02A,41.0086305091,-72.5159902939,937
54C9D02A,41.0090036262,-72.5154587893,938
54C9D02A,41.0093763669,-72.5149268218,939
54C9D02A,41.0097494225,-72.5143952367,940
54C9D02A,41.0101223867,-72.5138635394,941
54C9D02A,41.0104937825,-72.5133299264,942
54C9D02A,41.0108656163,-72.5127968443,943
54C9D02A,41.0112389268,-72.5122655594,944
54C9D02A,41.011611541,-72.5117334202,945
54C9D02A,41.0119842402,-72.5112013815,946
54C9D02A,41.0123572033,-72.5106696619,947
54C9D02A,41.0127298183,-72.5101375144,948
54C9D02A,41.0131017566,-72.5096045395,949
54C9D02A,41.0134733423,-72.5090711329,950
54C9D02A,41.0138460352,-72.508539074,951
54C9D02A,41.0142188522,-72.508007163,952
54C9D02A,41.0145908688,-72.5074742713,953
54C9D02A,41.014962995,-72.5069415101,954
54C9D02A,41.0153351182,-72.5064087429,955
54C9D02A,41.0157072426,-72.5058759755,956
54C9D02A,41.0160788606,-72.505342588,957
54C9D02A,41.0164512449,-72.5048101296,958
54C9D02A,41.0168235227,-72.5042775385,959
54C9D02A,41.0171958311,-72.5037449818,960
54C9D02A,41.0175683823,-72.503212718,961
54C9D02A,41.0179402982,-72.5026796782,962
54C9D02A,41.0183113714,-72.5021456162,963
54C9D02A,41.018684688,-72.5016142825,964
54C9D02A,41.0190571496,-72.5010818991,965
54C9D02A,41.0194290759,-72.5005488592,966
54C9D02A,41.019800791,-72.5000155595,967
54C9D02A,41.0201723171,-72.4994820274,968
54C9D02A,41.0205441095,-72.4989488158,969
54C9D02A,41.0209162047,-72.4984159696,970
54C9D02A,41.0212887926,-72.4978837217,971
54C9D02A,41.0216616417,-72.4973517905,972
54C9D02A,41.0220326804,-72.4968176551,973
54C9D02A,41.0224040454,-72.4962839107,974
54C9D02A,41.0227760848,-72.495750982,975
54C9D02A,41.0231486405,-72.4952186794,976
54C9D02A,41.0235210139,-72.4946861517,977
54C9D02A,41.0238930074,-72.4941531581,978
54C9D02A,41.0242645778,-72.4936196473,979
54C9D02A,41.0246363613,-72.4930863926,980
54C9D02A,41.0250085407,-72.4925536166,981
54C9D02A,41.0253811245,-72.4920213306,982
54C9D02A,41.0257535177,-72.4914888093,983
54C9D02A,41.0261254213,-72.4909556892,984
54C9D02A,41.0264966255,-72.4904217163,985
54C9D02A,41.0268681969,-72.4898881865,986
54C9D02A,41.0272402502,-72.4893552391,987
54C9D02A,41.0276120499,-72.4888219803,988
54C9D02A,41.0279838172,-72.4882886792,989
54C9D02A,41.0283556462,-72.48775545,990
54C9D02A,41.0287277584,-72.4872225626,991
54C9D02A,41.0290999026,-72.4866897112,992
54C9D02A,41.0294717995,-72.4861565557,993
54C9D02A,41.029844184,-72.4856239918,994
54C9D02A,41.0302162903,-72.4850910874,995
54C9D02A,41.0305872468,-72.4845567823,996
54C9D02A,41.0309593434,-72.48402386,997
54C9D02A,41.031331703,-72.4834912539,998
54C9D02A,41.0317031181,-72.4829574958,999
54C9D02A,41.0320751198,-72.4824244483,1000
54C9D02A,41.0324475388,-72.4818919054,1001
54C9D02A,41.0328193233,-72.4813585871,1002
54C9D02A,41.0331912592,-72.4808254496,1003
54C9D02A,41.033563329,-72.4802924721,1004
54C9D02A,41.0339353714,-72.4797594583,1005
54C9D02A,41.0343074048,-72.4792264306,1006
54C9D02A,41.0346794505,-72.478693415,1007
54C9D02A,41.0350515087,-72.4781604116,1008
54C9D02A,41.0354234966,-72.4776273197,1009
54C9D02A,41.0357954787,-72.4770942177,1010
54C9D02A,41.0361675099,-72.4765611725,1011
54C9D02A,41.0365396051,-72.4760282024,1012
54C9D02A,41.0369113682,-72.4754948256,1013
54C9D02A,41.0372827255,-72.4749609527,1014
54C9D02A,41.0376540182,-72.4744269986,1015
54C9D02A,41.0380261842,-72.4738941037,1016
54C9D02A,41.0383986176,-72.473361531,1017
54C9D02A,41.0387707134,-72.4728285449,1018
54C9D02A,41.0391419013,-72.4722944519,1019
54C9D02A,41.0395133216,-72.4717606383,1020
54C9D02A,41.0398855693,-72.4712278276,1021
54C9D02A,41.0402575023,-72.4706946308,1022
54C9D02A,41.0406294717,-72.4701614754,1023
54C9D02A,41.0410017479,-72.4696286904,1024
54C9D02A,41.0413736238,-72.4690954151,1025
54C9D02A,41.0417451752,-72.4685617426,1026
54C9D02A,41.0421164753,-72.4680277621,1027
54C9D02A,41.0424883902,-72.4674945255,1028
54C9D02A,41.0428606097,-72.4669616567,1029
54C9D02A,41.0432326436,-72.4664285589,1030
54C9D02A,41.0436044573,-72.4658951903,1031
54C9D02A,41.0439763941,-72.4653619683,1032
54C9D02A,41.0443484083,-72.4648288375,1033
54C9D02A,41.0447204549,-72.4642957433,1034
54C9D02A,41.0450923609,-72.463762475,1035
54C9D02A,41.045464219,-72.4632291455,1036
54C9D02A,41.0458365467,-72.4626963852,1037
54C9D02A,41.0462089454,-72.4621637083,1038
54C9D02A,41.0465810059,-72.4616306163,1039
54C9D02A,41.0469531345,-72.4610976044,1040
54C9D02A,41.0473254536,-72.4605648218,1041
54C9D02A,41.0476972638,-72.4600314164,1042
54C9D02A,41.0480695348,-72.4594985694,1043
54C9D02A,41.0484419123,-72.4589658489,1044
54C9D02A,41.0488140048,-72.4584327784,1045
54C9D02A,41.0491854799,-72.457898954,1046
54C9D02A,41.0495572711,-72.457365511,1047
54C9D02A,41.0499293998,-72.4568324755,1048
54C9D02A,41.0503016774,-72.4562996185,1049
54C9D02A,41.0506738746,-72.4557666606,1050
54C9D02A,41.0510456875,-72.4552332318,1051
54C9D02A,41.0514178147,-72.4547001831,1052
54C9D02A,41.0517902876,-72.4541675525,1053
54C9D02A,41.0521622076,-72.4536342454,1054
54C9D02A,41.0525340047,-72.4531007857,1055
54C9D02A,41.0529062531,-72.4525678726,1056
54C9D02A,41.0532786658,-72.4520351567,1057
54C9D02A,41.0536513625,-72.4515027847,1058
54C9D02A,41.0540234565,-72.4509696753,1059
54C9D02A,41.0543949887,-72.4504358788,1060
54C9D02A,41.0547668421,-72.4499024705,1061
54C9D02A,41.0551394583,-72.4493699883,1062
54C9D02A,41.0555121538,-72.4488376,1063
54C9D02A,41.0558849003,-72.4483052712,1064
54C9D02A,41.0562566404,-72.4477717138,1065
54C9D02A,41.0566281593,-72.4472378835,1066
54C9D02A,41.0570001423,-72.446704615,1067
54C9D02A,41.0573734749,-72.4461729935,1068
54C9D02A,41.0577464218,-72.4456408973,1069
54C9D02A,41.0581183847,-72.4451075948,1070
54C9D02A,41.0584897797,-72.44457361,1071
54C9D02A,41.0588532286,-72.4440303426,1072
54C9D02A,41.0591943034,-72.4434625319,1073
54C9D02A,41.0595040249,-72.4428642493,1074
54C9D02A,41.0597923504,-72.4422472289,1075
54C9D02A,41.0600752257,-72.4416257363,1076
54C9D02A,41.0603569122,-72.4410032981,1077
54C9D02A,41.0606388231,-72.4403810345,1078
54C9D02A,41.060920972,-72.4397589565,1079
54C9D02A,41.0612034442,-72.4391371322,1080
54C9D02A,41.0614857691,-72.438515189,1081
54C9D02A,41.0617672718,-72.4378925925,1082
54C9D02A,41.0620490103,-72.4372701794,1083
54C9D02A,41.0623306672,-72.4366476993,1084
54C9D02A,41.0626121618,-72.4360250883,1085
54C9D02A,41.062894324,-72.4354030031,1086
54C9D02A,41.0631768499,-72.4347812034,1087
54C9D02A,41.063457939,-72.4341582658,1088
54C9D02A,41.0637389428,-72.4335352576,1089
54C9D02A,41.0640203211,-72.4329125417,1090
54C9D02A,41.0643026348,-72.4322905639,1091
54C9D02A,41.0645850626,-72.4316686736,1092
54C9D02A,41.0648666305,-72.4310460995,1093
54C9D02A,41.0651478756,-72.4304232684,1094
54C9D02A,41.0654296179,-72.4298008271,1095
54C9D02A,41.0657114801,-72.429178478,1096
54C9D02A,41.0659931681,-72.4285559918,1097
54C9D02A,41.0662752952,-72.4279338501,1098
54C9D02A,41.0665572631,-72.427311578,1099
54C9D02A,41.0668392965,-72.4266893535,1100
54C9D02A,41.0671214607,-72.4260672299,1101
54C9D02A,41.0674035731,-72.4254450628,1102
54C9D02A,41.0676852531,-72.4248225509,1103
54C9D02A,41.0679680051,-72.4242008867,1104
54C9D02A,41.0682509725,-72.4235793899,1105
54C9D02A,41.0685335888,-72.4229576115,1106
54C9D02A,41.0688163275,-72.4223359279,1107
54C9D02A,41.0690985202,-72.4217138085,1108
54C9D02A,41.0693814417,-72.421092265,1109
54C9D02A,41.0696641859,-72.4204705775,1110
54C9D02A,41.0699467139,-72.4198487159,1111
54C9D02A,41.0702292325,-72.4192268445,1112
54C9D02A,41.0705114293,-72.4186047162,1113
54C9D02A,41.0707936202,-72.4179825818,1114
54C9D02A,41.0710761423,-72.4173607061,1115
54C9D02A,41.0713590207,-72.4167391095,1116
54C9D02A,41.0716416151,-72.4161172847,1117
54C9D02A,41.0719238929,-72.4154952062,1118
54C9D02A,41.0722059731,-72.4148729689,1119
54C9D02A,41.0724890114,-72.4142514892,1120
54C9D02A,41.0727717072,-72.4136297345,1121
54C9D02A,41.0730540635,-72.4130077078,1122
54C9D02A,41.0733361583,-72.4123854715,1123
54C9D02A,41.0736188632,-72.4117637159,1124
54C9D02A,41.0739014664,-72.411141877,1125
54C9D02A,41.0741835286,-72.4105196068,1126
54C9D02A,41.0744657331,-72.4098974473,1127
54C9D02A,41.0747487166,-72.4092759042,1128
54C9D02A,41.0750303836,-72.4086533138,1129
54C9D02A,41.0753129872,-72.4080314636,1130
54C9D02A,41.0755961729,-72.4074100721,1131
54C9D02A,41.0758786706,-72.4067881312,1132
54C9D02A,41.0761616527,-72.4061665723,1133
54C9D02A,41.0764448947,-72.4055452187,1134
54C9D02A,41.076726633,-72.4049226695,1135
54C9D02A,41.0770093201,-72.4043008688,1136
54C9D02A,41.0772923812,-72.4036793621,1137
54C9D02A,41.0775748514,-72.4030573837,1138
54C9D02A,41.0778572757,-72.402435366,1139
54C9D02A,41.0781394451,-72.4018131439,1140
54C9D02A,41.0784215169,-72.401190842,1141
54C9D02A,41.0787089571,-72.400572972,1142
54C9D02A,41.0790267852,-72.39998225,1143
54C9D02A,41.0793864043,-72.3994349669,1144
54C9D02A,41.0797773271,-72.3989259718,1145
54C9D02A,41.0801762219,-72.3984276394,1146
54C9D02A,41.0805751327,-72.3979293258,1147
54C9D02A,41.0809742174,-72.3974312498,1148
54C9D02A,41.0813729011,-72.3969326101,1149
54C9D02A,41.081772279,-72.3964349388,1150
54C9D02A,41.0821717478,-72.3959373929,1151
54C9D02A,41.0825702791,-72.3954385457,1152
54C9D02A,41.082968554,-72.3949393291,1153
54C9D02A,41.0833681552,-72.3944419591,1154
54C9D02A,41.0837671882,-72.3939437907,1155
54C9D02A,41.0841660811,-72.393445423,1156
54C9D02A,41.0845651451,-72.3929472912,1157
54C9D02A,41.0849633733,-72.3924479902,1158
54C9D02A,41.0853624199,-72.3919498311,1159
54C9D02A,41.0857609952,-72.3914510098,1160
54C9D02A,41.0861592589,-72.3909517523,1161
54C9D02A,41.0865590414,-72.3904546141,1162
54C9D02A,41.0869576612,-72.3899558523,1163
54C9D02A,41.0873561888,-72.3894569531,1164
54C9D02A,41.0877556001,-72.3889592864,1165
54C9D02A,41.0881544323,-72.3884608049,1166
54C9D02A,41.0885541106,-72.3879635047,1167
54C9D02A,41.088953816,-72.3874662398,1168
54C9D02A,41.0893528356,-72.3869680112,1169
54C9D02A,41.0897519816,-72.3864699559,1170
54C9D02A,41.0901510917,-72.3859718478,1171
54C9D02A,41.0905506114,-72.3854743101,1172
54C9D02A,41.0909503485,-72.3849770749,1173
54C9D02A,41.0913496022,-72.3844791588,1174
54C9D02A,41.0917492047,-72.3839817291,1175
54C9D02A,41.0921491934,-72.3834848384,1176
54C9D02A,41.0925487446,-72.3829873313,1177
54C9D02A,41.0929480718,-72.3824895061,1178
54C9D02A,41.0933476421,-72.3819920188,1179
54C9D02A,41.0937472464,-72.3814945764,1180
54C9D02A,41.0941466357,-72.3809968298,1181
54C9D02A,41.0945454693,-72.3804983232,1182
54C9D02A,41.0949316016,-72.3799829301,1183
54C9D02A,41.0952920645,-72.3794361991,1184
54C9D02A,41.0956239434,-72.3788586812,1185
54C9D02A,41.0959248583,-72.3782522513,1186
54C9D02A,41.0961916856,-72.3776186293,1187
54C9D02A,41.0964239134,-72.3769615831,1188
54C9D02A,41.0966166169,-72.3762826084,1189
54C9D02A,41.0967800328,-72.3755899772,1190
54C9D02A,41.0969392292,-72.3748955556,1191
54C9D02A,41.0970997398,-72.3742016598,1192
54C9D02A,41.0972598042,-72.373507582,1193
54C9D02A,41.0974197622,-72.3728134596,1194
54C9D02A,41.0975793123,-72.3721191716,1195
54C9D02A,41.0977394872,-72.3714251337,1196
54C9D02A,41.0978990496,-72.3707308485,1197
54C9D02A,41.0980595032,-72.3700369211,1198
54C9D02A,41.0982187699,-72.369342515,1199
54C9D02A,41.0983780477,-72.3686481095,1200
54C9D02A,41.0985377838,-72.3679538872,1201
54C9D02A,41.0986968341,-72.3672593873,1202
54C9D02A,41.0988608967,-72.3665671009,1203
54C9D02A,41.0990434976,-72.3658831055,1204
54C9D02A,41.0992089437,-72.3651912702,1205
54C9D02A,41.0993701679,-72.3644976512,1206
54C9D02A,41.0995290436,-72.3638030905,1207
54C9D02A,41.0996521691,-72.3632763692,1208