shape_id,shape_pt_lat,shape_pt_lon,shape_pt_sequence
5D287D06,40.7357205437,-73.4721938808,786
5D287D06,40.7353621235,-73.4716472643,787
5D287D06,40.7349916779,-73.4711151196,788
5D287D06,40.7346201441,-73.4705842231,789
5D287D06,40.7342593477,-73.4700403236,790
5D287D06,40.7338964727,-73.4694989083,791
5D287D06,40.7335236508,-73.4689693312,792
5D287D06,40.7331669462,-73.4684211493,793
5D287D06,40.7328406017,-73.4678412755,794
5D287D06,40.7325421824,-73.4672358561,795
5D287D06,40.7322756446,-73.4666053342,796
5D287D06,40.7320334343,-73.4659578551,797
5D287D06,40.7318118638,-73.4652977706,798
5D287D06,40.7316073874,-73.4646282386,799
5D287D06,40.7314205171,-73.4639497566,800
5D287D06,40.7312441985,-73.4632663922,801
5D287D06,40.7310697456,-73.4625821737,802
5D287D06,40.7308949894,-73.4618980911,803
5D287D06,40.7307195921,-73.4612142935,804
5D287D06,40.7305442331,-73.4605304808,805
5D287D06,40.7303690731,-73.4598465818,806
5D287D06,40.7301939336,-73.4591626756,807
5D287D06,40.7300181666,-73.4584790493,808
5D287D06,40.7298430496,-73.457795137,809
5D287D06,40.7296682209,-73.4571110987,810
5D287D06,40.7294931926,-73.4564271504,811
5D287D06,40.7293182612,-73.455743161,812
5D287D06,40.7291432724,-73.4550591987,813
5D287D06,40.7289682517,-73.4543752525,814
5D287D06,40.7287938459,-73.4536910368,815
5D287D06,40.7286179643,-73.453007478,816
5D287D06,40.7284414781,-73.4523241884,817
5D287D06,40.7282658912,-73.4516405006,818
5D287D06,40.7280916839,-73.4509562054,819
5D287D06,40.7279160821,-73.4502725291,820
5D287D06,40.7277401717,-73.4495889903,821
5D287D06,40.7275650789,-73.4489050903,822
5D287D06,40.7273906319,-73.4482209071,823
5D287D06,40.727215773,-73.447536908,824
5D287D06,40.7270399891,-73.4468533197,825
5D287D06,40.7268644381,-73.4461696299,826
5D287D06,40.7266890124,-73.4454858862,827
5D287D06,40.7265136971,-73.4448020954,828
5D287D06,40.7263390722,-73.4441180019,829
5D287D06,40.7261648063,-73.443433752,830
5D287D06,40.7259892831,-73.442750059,831
5D287D06,40.7258136213,-73.442066429,832
5D287D06,40.725637763,-73.4413828882,833
5D287D06,40.7254617874,-73.4406994013,834
5D287D06,40.7252865829,-73.440015575,835
5D287D06,40.7251122741,-73.4393313541,836
5D287D06,40.7249379401,-73.4386471462,837
5D287D06,40.724763285,-73.4379630815,838
5D287D06,40.7245885377,-73.4372790593,839
5D287D06,40.7244139908,-73.4365949505,840
5D287D06,40.7242395066,-73.4359108159,841
5D287D06,40.7240649301,-73.4352267237,842
5D287D06,40.7238906061,-73.4345425222,843
5D287D06,40.7237164902,-73.4338582307,844
5D287D06,40.7235423604,-73.4331739473,845
5D287D06,40.7233676772,-73.4324899095,846
5D287D06,40.7231926748,-73.4318060143,847
5D287D06,40.7230176731,-73.4311221206,848
5D287D06,40.72284275,-73.4304381939,849
5D287D06,40.7226678528,-73.4297542576,850
5D287D06,40.7224929828,-73.429070311,851
5D287D06,40.7223182473,-73.4283863069,852
5D287D06,40.7221435238,-73.4277022992,853
5D287D06,40.7219688056,-73.427018291,854
5D287D06,40.7217941333,-73.4263342644,855
5D287D06,40.7216195218,-73.4256502127,856
5D287D06,40.7214451887,-73.4249660402,857
5D287D06,40.7212710052,-73.4242818038,858
5D287D06,40.7210963724,-73.4235977669,859
5D287D06,40.7209217035,-73.4229137477,860
5D287D06,40.7207468905,-73.4222297939,861
5D287D06,40.7205719925,-73.4215458794,862
5D287D06,40.7203971439,-73.4208619449,863
5D287D06,40.720222542,-73.4201779033,864
5D287D06,40.7200481866,-73.419493755,865
5D287D06,40.7198736899,-73.4188096706,866
5D287D06,40.7196989908,-73.4181256773,867
5D287D06,40.7195243424,-73.4174416633,868
5D287D06,40.7193497742,-73.4167576158,869
5D287D06,40.719175301,-73.4160735283,870
5D287D06,40.7190010034,-73.4153893652,871
5D287D06,40.7188265477,-73.4147052735,872
5D287D06,40.7186520026,-73.4140212229,873
5D287D06,40.7184773567,-73.4133372186,874
5D287D06,40.7183019614,-73.4126535516,875
5D287D06,40.7181265612,-73.4119698994,876
5D287D06,40.7179522765,-73.4112857424,877
5D287D06,40.7177782746,-73.4106014655,878
5D287D06,40.7176033163,-73.4099176117,879
5D287D06,40.7174293445,-73.4092333217,880
5D287D06,40.7172546048,-73.4085493716,881
5D287D06,40.7170797814,-73.4078654599,882
5D287D06,40.7169052763,-73.4071814098,883
5D287D06,40.7167307177,-73.4064973854,884
5D287D06,40.7165554564,-73.4058136728,885
5D287D06,40.7163808597,-73.4051296685,886
5D287D06,40.7162063352,-73.4044456342,887
5D287D06,40.7160307225,-73.4037620831,888
5D287D06,40.7158549769,-73.403078593,889
5D287D06,40.7156810767,-73.4023942908,890
5D287D06,40.7155073993,-73.4017098919,891
5D287D06,40.7153323001,-73.4010261205,892
5D287D06,40.7151578203,-73.4003420774,893
5D287D06,40.714983617,-73.3996579141,894
5D287D06,40.7148088465,-73.3989740031,895
5D287D06,40.7146327795,-73.3982906687,896
5D287D06,40.714458148,-73.3976067002,897
5D287D06,40.7142838148,-73.3969226011,898
5D287D06,40.7141091907,-73.396238632,899
5D287D06,40.7139343962,-73.3955547399,900
5D287D06,40.7137596793,-73.3948708153,901
5D287D06,40.7135852721,-73.394186756,902
5D287D06,40.7134108637,-73.393502699,903
5D287D06,40.713236299,-73.3928187127,904
5D287D06,40.7130611858,-73.3921349722,905
5D287D06,40.7128851149,-73.3914516631,906
5D287D06,40.7127098312,-73.3907680018,907
5D287D06,40.7125265688,-73.3900880626,908
5D287D06,40.7123256798,-73.3894167587,909
5D287D06,40.7121061998,-73.3887556646,910
5D287D06,40.7118703468,-73.3881042644,911
5D287D06,40.711629778,-73.3874558114,912
5D287D06,40.7113878461,-73.3868082391,913
5D287D06,40.7111444696,-73.3861616012,914
5D287D06,40.7109012907,-73.3855148373,915
5D287D06,40.7106582211,-73.3848680047,916
5D287D06,40.710415227,-73.3842211258,917
5D287D06,40.7101733879,-73.3835735027,918
5D287D06,40.7099315688,-73.3829258683,919
5D287D06,40.7096884502,-73.3822790795,920
5D287D06,40.7094445024,-73.3816328305,921
5D287D06,40.7092015367,-73.3809859448,922
5D287D06,40.7089589611,-73.3803388087,923
5D287D06,40.7087156264,-73.3796921674,924
5D287D06,40.7084725279,-73.3790453753,925
5D287D06,40.7082301538,-73.3783981158,926
5D287D06,40.707987277,-73.3777511842,927
5D287D06,40.707744304,-73.3771043172,928
5D287D06,40.7075014511,-73.3764573747,929
5D287D06,40.707258623,-73.3758104185,930
5D287D06,40.7070154509,-73.3751636878,931
5D287D06,40.7067722324,-73.3745169898,932
5D287D06,40.7065296632,-73.373869873,933
5D287D06,40.7062881107,-73.373222103,934
5D287D06,40.7060468379,-73.3725741549,935
5D287D06,40.705804695,-73.3719267696,936
5D287D06,40.705562005,-73.3712797405,937
5D287D06,40.7053190866,-73.3706328615,938
5D287D06,40.7050759792,-73.3699861076,939
5D287D06,40.7048329583,-73.3693392998,940
5D287D06,40.704590096,-73.3686923916,941
5D287D06,40.7043472079,-73.3680455024,942
5D287D06,40.70410429,-73.367398635,943
5D287D06,40.7038608628,-73.3667521013,944
5D287D06,40.7036168712,-73.3661059373,945
5D287D06,40.7033740058,-73.3654590431,946
5D287D06,40.7031306563,-73.3648124656,947
5D287D06,40.702887182,-73.3641659716,948
5D287D06,40.7026447337,-73.3635188147,949
5D287D06,40.7024032209,-73.362871056,950
5D287D06,40.7021611101,-73.3622236855,951
5D287D06,40.7019187501,-73.361576478,952
5D287D06,40.7016765528,-73.3609291678,953
5D287D06,40.7014331378,-73.3602826501,954
5D287D06,40.7011892415,-73.3596364468,955
5D287D06,40.700945383,-73.3589902212,956
5D287D06,40.7007013833,-73.35834409,957
5D287D06,40.7004574098,-73.3576979441,958
5D287D06,40.7002139567,-73.3570514623,959
5D287D06,40.6999710693,-73.356404615,960
5D287D06,40.6997282229,-73.3557577435,961
5D287D06,40.6994855128,-73.3551107861,962
5D287D06,40.699242331,-73.3544641377,963
5D287D06,40.6989995287,-73.3538172479,964
5D287D06,40.6987567943,-73.3531703203,965
5D287D06,40.698513766,-73.3525235798,966
5D287D06,40.6982704484,-73.3518770297,967
5D287D06,40.6980274811,-73.3512302552,968
5D287D06,40.6977835256,-73.3505841242,969
5D287D06,40.6975406584,-73.3499372875,970
5D287D06,40.697298519,-73.3492899835,971
5D287D06,40.6970555216,-73.3486432373,972
5D287D06,40.6968122689,-73.3479966578,973
5D287D06,40.6965691974,-73.347349963,974
5D287D06,40.6963267862,-73.346702843,975
5D287D06,40.6960917144,-73.3460512992,976
5D287D06,40.6958991888,-73.3453767127,977
5D287D06,40.6957651284,-73.3446783128,978
5D287D06,40.6956962205,-73.3439637432,979
5D287D06,40.695689455,-73.3432434602,980
5D287D06,40.6957461017,-73.3425269471,981
5D287D06,40.6958633122,-73.3418230233,982
5D287D06,40.6960220144,-73.3411330464,983
5D287D06,40.6962060384,-73.3404535632,984
5D287D06,40.696390655,-73.3397743238,985
5D287D06,40.6965752671,-73.3390950804,986
5D287D06,40.696760172,-73.3384159728,987
5D287D06,40.6969455451,-73.3377370835,988
5D287D06,40.6971309197,-73.3370581931,989
5D287D06,40.6973162151,-73.3363792634,990
5D287D06,40.6975014542,-73.3357003054,991
5D287D06,40.6976866893,-73.3350213435,992
5D287D06,40.697871856,-73.3343423476,993
5D287D06,40.6980569133,-73.3336632982,994
5D287D06,40.6982421068,-73.3329843112,995
5D287D06,40.698427611,-73.3323054687,996
5D287D06,40.698612935,-73.3316265394,997
5D287D06,40.6987977738,-73.3309473799,998
5D287D06,40.6989825524,-73.3302681902,999
5D287D06,40.6991672685,-73.3295889692,1000
5D287D06,40.6993520852,-73.3289097938,1001
5D287D06,40.6995366533,-73.3282305018,1002
5D287D06,40.6997216693,-73.3275514288,1003
5D287D06,40.6999251516,-73.3268817528,1004
5D287D06,40.7001393255,-73.3262176241,1005
5D287D06,40.7003508901,-73.3255520607,1006
5D287D06,40.700550204,-73.3248801032,1007
5D287D06,40.7007038487,-73.324314945,1008
03FFAF24,40.7007802122,-73.3240226263,730
03FFAF24,40.7009481592,-73.3233359981,731
03FFAF24,40.7011258492,-73.3226536674,732
03FFAF24,40.7013249329,-73.3219815912,733
03FFAF24,40.7015422118,-73.3213192872,734
03FFAF24,40.7017738929,-73.3206654754,735
03FFAF24,40.7020195072,-73.3200204428,736
03FFAF24,40.7022786347,-73.319384622,737
03FFAF24,40.7025491105,-73.3187569679,738
03FFAF24,40.7028290989,-73.3181365689,739
03FFAF24,40.7031130346,-73.3175192316,740
03FFAF24,40.703397439,-73.3169022612,741
03FFAF24,40.7036822529,-73.3162856142,742
03FFAF24,40.7039715824,-73.3156726672,743
03FFAF24,40.7042615459,-73.3150602431,744
03FFAF24,40.7045449551,-73.3144424798,745
03FFAF24,40.7048220628,-73.3138198122,746
03FFAF24,40.7051018895,-73.3131992837,747
03FFAF24,40.7053890408,-73.3125845131,748
03FFAF24,40.7056736738,-73.3119677283,749
03FFAF24,40.7059399737,-73.3113372832,750
03FFAF24,40.7061747581,-73.3106854486,751
03FFAF24,40.70638312,-73.310018319,752
03FFAF24,40.7065650092,-73.3093378199,753
03FFAF24,40.7067376982,-73.3086530955,754
03FFAF24,40.7069121764,-73.3079691406,755
03FFAF24,40.7070851061,-73.3072845029,756
03FFAF24,40.707257198,-73.3065995076,757
03FFAF24,40.7074299694,-73.3059147974,758
03FFAF24,40.7076037762,-73.3052305392,759
03FFAF24,40.7077761654,-73.3045456608,760
03FFAF24,40.7079490258,-73.3038610214,761
03FFAF24,40.7080947558,-73.3031662802,762
03FFAF24,40.7082571908,-73.3024778628,763
03FFAF24,40.7084294356,-73.3017929138,764
03FFAF24,40.7086026482,-73.3011083844,765
03FFAF24,40.7087758781,-73.3004238598,766
03FFAF24,40.7089491092,-73.2997393344,767
03FFAF24,40.7091269868,-73.2990568967,768
03FFAF24,40.7093190375,-73.2983811833,769
03FFAF24,40.7095293491,-73.2977149121,770
03FFAF24,40.7097485088,-73.2970535083,771
03FFAF24,40.7099698424,-73.2963933496,772
03FFAF24,40.710191024,-73.2957331006,773
03FFAF24,40.7104118649,-73.2950726516,774
03FFAF24,40.710633855,-73.2944128671,775
03FFAF24,40.7108547688,-73.2937524611,776
03FFAF24,40.7110758418,-73.2930921387,777
03FFAF24,40.7112971961,-73.2924319763,778
03FFAF24,40.7115183709,-73.2917717081,779
03FFAF24,40.7117390352,-73.291111143,780
03FFAF24,40.7119609244,-73.2904512907,781
03FFAF24,40.7121821562,-73.2897910497,782
03FFAF24,40.7124029986,-73.2891305809,783
03FFAF24,40.7126243411,-73.2884703985,784
03FFAF24,40.7128454936,-73.2878101051,785
03FFAF24,40.7130673693,-73.28715023,786
03FFAF24,40.7132877902,-73.286489511,787
03FFAF24,40.7135089708,-73.2858292263,788
03FFAF24,40.7137297369,-73.2851686996,789
03FFAF24,40.713950754,-73.2845083159,790
03FFAF24,40.7141724217,-73.2838483068,791
03FFAF24,40.7143934257,-73.2831879114,792
03FFAF24,40.7146141994,-73.2825273807,793
03FFAF24,40.7148347737,-73.2818667337,794
03FFAF24,40.7150561672,-73.281206558,795
03FFAF24,40.7152773206,-73.28054624,796
03FFAF24,40.7154989373,-73.2798861884,797
03FFAF24,40.7157198093,-73.2792257045,798
03FFAF24,40.7159418268,-73.278565884,799
03FFAF24,40.7161627037,-73.277905398,800
03FFAF24,40.7163839875,-73.2772451451,801
03FFAF24,40.7166046083,-73.2765845067,802
03FFAF24,40.7168261412,-73.2759243935,803
03FFAF24,40.7170471678,-73.2752639851,804
03FFAF24,40.7172676927,-73.2746032851,805
03FFAF24,40.7174896616,-73.2739434186,806
03FFAF24,40.7177107381,-73.273283033,807
03FFAF24,40.7179315307,-73.2726224815,808
03FFAF24,40.7181523644,-73.2719619532,809
03FFAF24,40.7183739868,-73.2713018781,810
03FFAF24,40.7185959088,-73.2706419741,811
03FFAF24,40.7188167632,-73.2699814483,812
03FFAF24,40.7190379135,-73.2693210956,813
03FFAF24,40.7192589033,-73.2686606484,814
03FFAF24,40.7194806574,-73.2680006398,815
03FFAF24,40.7197018598,-73.2673403087,816
03FFAF24,40.7199222321,-73.2666794976,817
03FFAF24,40.7201433144,-73.266019091,818
03FFAF24,40.7203641689,-73.2653585499,819
03FFAF24,40.7205851839,-73.2646981011,820
03FFAF24,40.7208067607,-73.2640379773,821
03FFAF24,40.721027534,-73.2633773845,822
03FFAF24,40.7212484994,-73.2627168999,823
03FFAF24,40.7214700485,-73.2620567506,824
03FFAF24,40.7216904959,-73.2613959619,825
03FFAF24,40.7219109699,-73.260735187,826
03FFAF24,40.722131979,-73.2600747194,827
03FFAF24,40.722354011,-73.2594148417,828
03FFAF24,40.7225748354,-73.2587542628,829
03FFAF24,40.7227960808,-73.2580939256,830
03FFAF24,40.7230163161,-73.2574330026,831
03FFAF24,40.7232417038,-73.2567751367,832
03FFAF24,40.7234868823,-73.2561297743,833
03FFAF24,40.7237565507,-73.2555015077,834
03FFAF24,40.7240483162,-73.2548904093,835
03FFAF24,40.7243465852,-73.2542846812,836
03FFAF24,40.7246448361,-73.2536789223,837
03FFAF24,40.7249439194,-73.2530738614,838
03FFAF24,40.7252428958,-73.2524687064,839
03FFAF24,40.7255411884,-73.2518629649,840
03FFAF24,40.7258400057,-73.2512576699,841
03FFAF24,40.7261384928,-73.2506520894,842
03FFAF24,40.7264369533,-73.2500464828,843
03FFAF24,40.7267355161,-73.2494409608,844
03FFAF24,40.7270340649,-73.2488354238,845
03FFAF24,40.7273321873,-73.2482295217,846
03FFAF24,40.7276300503,-73.2476234031,847
03FFAF24,40.7279185014,-73.2470095758,848
03FFAF24,40.7281845187,-73.2463785854,849
03FFAF24,40.7284248008,-73.2457300629,850
03FFAF24,40.7286385047,-73.2450655676,851
03FFAF24,40.7288256694,-73.244387417,852
03FFAF24,40.7289853658,-73.243697209,853
03FFAF24,40.7291271306,-73.2430001143,854
03FFAF24,40.7292662516,-73.2423020694,855
03FFAF24,40.7294044586,-73.2416037119,856
03FFAF24,40.7295438834,-73.2409057711,857
03FFAF24,40.7296827129,-73.2402076214,858
03FFAF24,40.729822291,-73.2395097254,859
03FFAF24,40.7299609097,-73.2388114973,860
03FFAF24,40.7300993931,-73.2381132213,861
03FFAF24,40.7302385971,-73.2374151949,862
03FFAF24,40.7303777386,-73.236717143,863
03FFAF24,40.7305170215,-73.2360191383,864
03FFAF24,40.730656316,-73.2353211395,865
03FFAF24,40.7307952928,-73.2346230266,866
03FFAF24,40.7309347658,-73.2339250828,867
03FFAF24,40.7310734861,-73.2332268804,868
03FFAF24,40.7312124781,-73.2325287684,869
03FFAF24,40.7313519391,-73.2318308153,870
03FFAF24,40.7314910851,-73.2311327521,871
03FFAF24,40.7316301529,-73.2304346605,872
03FFAF24,40.731769054,-73.2297365107,873
03FFAF24,40.7319087322,-73.2290386279,874
03FFAF24,40.732047561,-73.22834045,875
03FFAF24,40.7321873689,-73.2276426093,876
03FFAF24,40.7323268025,-73.2269446375,877
03FFAF24,40.7324658897,-73.2262465438,878
03FFAF24,40.7326050114,-73.2255484617,879
03FFAF24,40.7327448312,-73.2248506202,880
03FFAF24,40.7328840462,-73.2241525666,881
03FFAF24,40.7330243578,-73.2234548909,882
03FFAF24,40.7331639867,-73.2227569774,883
03FFAF24,40.7333032536,-73.2220589371,884
03FFAF24,40.7334428502,-73.2213610089,885
03FFAF24,40.7335822638,-73.220663016,886
03FFAF24,40.7337218245,-73.2199650728,887
03FFAF24,40.7338616896,-73.2192672333,888
03FFAF24,40.7340012913,-73.2185693012,889
03FFAF24,40.734141329,-73.2178715219,890
03FFAF24,40.7342807222,-73.217173527,891
03FFAF24,40.7344195379,-73.2164753285,892
03FFAF24,40.7345592861,-73.2157774417,893
03FFAF24,40.7346981568,-73.2150792508,894
03FFAF24,40.7348378281,-73.2143813343,895
03FFAF24,40.7349759702,-73.2136828929,896
03FFAF24,40.7351153364,-73.2129848707,897
03FFAF24,40.7352542249,-73.212286688,898
03FFAF24,40.7353950265,-73.2115891658,899
03FFAF24,40.7355335813,-73.2108908577,900
03FFAF24,40.7356733562,-73.2101929681,901
03FFAF24,40.7358132958,-73.2094951339,902
03FFAF24,40.7359528514,-73.2087971656,903
03FFAF24,40.7360921895,-73.2080991211,904
03FFAF24,40.7362321312,-73.2074012832,905
03FFAF24,40.7363715265,-73.2067032553,906
03FFAF24,40.7365088185,-73.2060045126,907
03FFAF24,40.7366324153,-73.2053014993,908
03FFAF24,40.7367282419,-73.2045910821,909
03FFAF24,40.7367955061,-73.2038750183,910
03FFAF24,40.7368330063,-73.203155207,911
03FFAF24,40.736844178,-73.202433783,912
03FFAF24,40.736843318,-73.2017121014,913
03FFAF24,40.7368411279,-73.2009904216,914
03FFAF24,40.7368394504,-73.2002687452,915
03FFAF24,40.7368363438,-73.1995470694,916
03FFAF24,40.736834342,-73.1988253857,917
03FFAF24,40.7368315419,-73.1981037068,918
03FFAF24,40.736829941,-73.1973820261,919
03FFAF24,40.7368398653,-73.1966605478,920
03FFAF24,40.7368750792,-73.195940534,921
03FFAF24,40.7369411219,-73.1952243336,922
03FFAF24,40.7370320708,-73.1945126686,923
03FFAF24,40.737130608,-73.1938027024,924
03FFAF24,40.7372301249,-73.1930929679,925
03FFAF24,40.7373306105,-73.1923834683,926
03FFAF24,40.7374307154,-73.1916738745,927
03FFAF24,40.7375299806,-73.1909640759,928
03FFAF24,40.7376300129,-73.190254463,929
03FFAF24,40.73773008,-73.1895448569,930
03FFAF24,40.737829645,-73.1888351275,931
03FFAF24,40.7379297034,-73.188125517,932
03FFAF24,40.738029446,-73.1874158286,933
03FFAF24,40.7381289527,-73.1867060818,934
03FFAF24,40.7382288165,-73.1859964207,935
03FFAF24,40.7383288325,-73.1852867955,936
03FFAF24,40.7384289168,-73.1845771859,937
03FFAF24,40.7385290431,-73.1838675854,938
03FFAF24,40.7386288593,-73.1831579085,939
03FFAF24,40.73872851,-73.1824481902,940
03FFAF24,40.7388285656,-73.1817385694,941
03FFAF24,40.738927746,-73.1810287362,942
03FFAF24,40.7390273466,-73.1803190072,943
03FFAF24,40.7391277314,-73.1796094649,944
03FFAF24,40.7392277309,-73.1788998261,945
03FFAF24,40.7393279071,-73.1781902294,946
03FFAF24,40.7394278089,-73.1774805648,947
03FFAF24,40.7395274144,-73.176770827,948
03FFAF24,40.7396274021,-73.1760611812,949
03FFAF24,40.7397277399,-73.1753516197,950
03FFAF24,40.7398282218,-73.1746420925,951
03FFAF24,40.7399274676,-73.173932264,952
03FFAF24,40.740026935,-73.1732224878,953
03FFAF24,40.7401269373,-73.1725128402,954
03FFAF24,40.7402265276,-73.1718030914,955
03FFAF24,40.740325422,-73.1710931735,956
03FFAF24,40.7404251215,-73.1703834508,957
03FFAF24,40.7405256298,-73.1696739227,958
03FFAF24,40.7406254415,-73.1689642233,959
03FFAF24,40.7407252357,-73.1682545188,960
03FFAF24,40.7408254352,-73.1675449117,961
03FFAF24,40.7409257132,-73.1668353228,962
03FFAF24,40.7410262448,-73.1661257949,963
03FFAF24,40.7411264791,-73.1654161934,964
03FFAF24,40.7412257516,-73.1647063571,965
03FFAF24,40.7413252086,-73.1639965643,966
03FFAF24,40.741424887,-73.163286824,967
03FFAF24,40.7415260182,-73.1625774417,968
03FFAF24,40.7416363438,-73.1618705422,969
03FFAF24,40.7417724173,-73.1611715077,970
03FFAF24,40.7419353347,-73.1604824851,971
03FFAF24,40.7421256182,-73.1598057106,972
03FFAF24,40.742342623,-73.1591429517,973
03FFAF24,40.7425871388,-73.1584969791,974
03FFAF24,40.7428560899,-73.1578679874,975
03FFAF24,40.7431508522,-73.1572593573,976
03FFAF24,40.7434693553,-73.156671715,977
03FFAF24,40.743810186,-73.1561061524,978
03FFAF24,40.7441689678,-73.1555599862,979
03FFAF24,40.7445300748,-73.1550163673,980
03FFAF24,40.7448907811,-73.1544722853,981
03FFAF24,40.7452523503,-73.1539291874,982
03FFAF24,40.7456134954,-73.1533855992,983
03FFAF24,40.7459717909,-73.1528387977,984
03FFAF24,40.7463133013,-73.1522740235,985
03FFAF24,40.7466188699,-73.1516752879,986
03FFAF24,40.7468743222,-73.1510370928,987
03FFAF24,40.7470767939,-73.1503671211,988
03FFAF24,40.7472248222,-73.149672801,989
03FFAF24,40.7473153233,-73.1489616474,990
03FFAF24,40.7473486374,-73.1482418777,991
03FFAF24,40.7473246883,-73.1475214302,992
03FFAF24,40.7472481784,-73.1468071162,993
03FFAF24,40.7471376717,-73.1461002206,994
03FFAF24,40.7470175402,-73.1453959178,995
03FFAF24,40.7468971925,-73.1446916851,996
03FFAF24,40.7467777728,-73.1439871899,997
03FFAF24,40.7466588797,-73.1432825278,998
03FFAF24,40.7465386653,-73.1425782532,999
03FFAF24,40.746419427,-73.1418736957,1000
03FFAF24,40.7463000741,-73.1411691713,1001
03FFAF24,40.7461798437,-73.1404649062,1002
03FFAF24,40.7460580855,-73.1397611086,1003
03FFAF24,40.7459211838,-73.1390622837,1004
03FFAF24,40.7457590039,-73.138372906,1005
03FFAF24,40.7455696447,-73.1376956229,1006
03FFAF24,40.745353286,-73.1370324676,1007
03FFAF24,40.7451105581,-73.1363852556,1008
03FFAF24,40.7448493091,-73.1357505113,1009
03FFAF24,40.7445826257,-73.1351196332,1010
03FFAF24,40.7443151916,-73.1344893065,1011
03FFAF24,40.7440480553,-73.1338587664,1012
03FFAF24,40.743780857,-73.1332282814,1013
03FFAF24,40.7435137751,-73.1325977054,1014
03FFAF24,40.7432467042,-73.1319671305,1015
03FFAF24,40.742981252,-73.1313353903,1016
03FFAF24,40.7427283736,-73.1306949133,1017
03FFAF24,40.7425004065,-73.1300385397,1018
03FFAF24,40.7422990706,-73.1293672926,1019
03FFAF24,40.7421255251,-73.1286827699,1020
03FFAF24,40.7419786542,-73.1279875016,1021
03FFAF24,40.7418600402,-73.1272829932,1022
03FFAF24,40.7417707207,-73.1265710735,1023
03FFAF24,40.7417095958,-73.1258539864,1024
03FFAF24,40.7416732714,-73.1251339318,1025
03FFAF24,40.7416486407,-73.1244129247,1026
03FFAF24,40.7416254283,-73.1236918291,1027
03FFAF24,40.7416024879,-73.1229707187,1028
03FFAF24,40.7415790565,-73.1222496359,1029
03FFAF24,40.7415554788,-73.1215285615,1030
03FFAF24,40.7415319282,-73.1208074859,1031
03FFAF24,40.7415080913,-73.1200864268,1032
03FFAF24,40.7414841241,-73.1193653754,1033
03FFAF24,40.7414600588,-73.1186443299,1034
03FFAF24,40.7414361841,-73.117923274,1035
03FFAF24,40.7414134394,-73.1172021552,1036
03FFAF24,40.7413900052,-73.1164810755,1037
03FFAF24,40.7413658467,-73.1157600369,1038
03FFAF24,40.7413427929,-73.1150389357,1039
03FFAF24,40.7413195338,-73.114317846,1040
03FFAF24,40.7412961932,-73.1135967611,1041
03FFAF24,40.7412729245,-73.1128756724,1042
03FFAF24,40.7412496024,-73.112154587,1043
03FFAF24,40.7412262194,-73.1114335052,1044
03FFAF24,40.7412027387,-73.1107124292,1045
03FFAF24,40.7411788324,-73.1099913777,1046
03FFAF24,40.7411552236,-73.1092703097,1047
03FFAF24,40.7411320231,-73.1085492188,1048
03FFAF24,40.7411082212,-73.1078281623,1049
03FFAF24,40.7410836175,-73.1071071524,1050
03FFAF24,40.7410600154,-73.1063860853,1051
03FFAF24,40.7410371155,-73.1056649789,1052
03FFAF24,40.7410142437,-73.1049438714,1053
03FFAF24,40.7409906042,-73.1042228067,1054
03FFAF24,40.7409669647,-73.1035017422,1055
03FFAF24,40.7409434189,-73.1027806726,1056
03FFAF24,40.740919814,-73.1020596066,1057
03FFAF24,40.7408961471,-73.1013385444,1058
03FFAF24,40.7408727143,-73.1006174694,1059
03FFAF24,40.7408495866,-73.0998963774,1060
03FFAF24,40.7408259392,-73.0991753151,1061
03FFAF24,40.7408020653,-73.0984542658,1062
03FFAF24,40.7407790184,-73.0977331704,1063
03FFAF24,40.7407561218,-73.0970120667,1064
03FFAF24,40.7407331802,-73.096290966,1065
03FFAF24,40.7407096033,-73.0955699012,1066
03FFAF24,40.7406860771,-73.094848835,1067
03FFAF24,40.7406608854,-73.0941278672,1068
03FFAF24,40.7406389347,-73.0934067254,1069
03FFAF24,40.7406143805,-73.0926857207,1070
03FFAF24,40.7405902769,-73.0919646885,1071
03FFAF24,40.7405653251,-73.0912437122,1072
03FFAF24,40.7405423887,-73.0905226144,1073
03FFAF24,40.7405190372,-73.0898015386,1074
03FFAF24,40.7404947709,-73.0890805163,1075
03FFAF24,40.7404711072,-73.0883594606,1076
03FFAF24,40.7404484735,-73.0876383466,1077
03FFAF24,40.7404239212,-73.0869173421,1078
03FFAF24,40.7404005238,-73.0861962718,1079
03FFAF24,40.7403763886,-73.0854752439,1080
03FFAF24,40.7403552651,-73.0847540558,1081
03FFAF24,40.7403487993,-73.0840325754,1082
03FFAF24,40.7403693451,-73.0833115483,1083
03FFAF24,40.7404188232,-73.082592974,1084
03FFAF24,40.7404972503,-73.0818788842,1085
03FFAF24,40.7406028972,-73.081170884,1086
03FFAF24,40.7407285798,-73.0804683514,1087
03FFAF24,40.7408582602,-73.0797670477,1088
03FFAF24,40.7409887138,-73.0790659899,1089
03FFAF24,40.7411191993,-73.0783649409,1090
03FFAF24,40.741249837,-73.0776639397,1091
03FFAF24,40.7413804397,-73.0769629267,1092
03FFAF24,40.7415096548,-73.0762614673,1093
03FFAF24,40.741639191,-73.0755601089,1094
03FFAF24,40.741769554,-73.0748590139,1095
03FFAF24,40.7418990943,-73.0741576544,1096
03FFAF24,40.7420293165,-73.0734565125,1097
03FFAF24,40.7421605136,-73.0727556824,1098
03FFAF24,40.7422903036,-73.0720543995,1099
03FFAF24,40.7424198743,-73.0713530444,1100
03FFAF24,40.7425503933,-73.0706519914,1101
03FFAF24,40.7426804008,-73.0699507726,1102
03FFAF24,40.7428102671,-73.0692495072,1103
03FFAF24,40.7429406548,-73.0685484078,1104
03FFAF24,40.7430709038,-73.0678472624,1105
03FFAF24,40.7432009727,-73.0671460578,1106
03FFAF24,40.7433307134,-73.0664447467,1107
03FFAF24,40.7434611183,-73.065743648,1108
03FFAF24,40.7435920509,-73.0650427185,1109
03FFAF24,40.7437205104,-73.0643409988,1110
03FFAF24,40.7438512414,-73.0636400042,1111
03FFAF24,40.7439813539,-73.062938807,1112
03FFAF24,40.7441108162,-73.0622373989,1113
03FFAF24,40.7442408807,-73.061536182,1114
03FFAF24,40.744371043,-73.060834995,1115
03FFAF24,40.7445013482,-73.0601338527,1116
03FFAF24,40.7446319689,-73.0594328104,1117
03FFAF24,40.7447618937,-73.0587315438,1118
03FFAF24,40.7448909432,-73.0580299961,1119
03FFAF24,40.7450208112,-73.0573287082,1120
03FFAF24,40.7451511508,-73.05662757,1121
03FFAF24,40.745280859,-73.0559262283,1122
03FFAF24,40.7454109484,-73.0552250075,1123
03FFAF24,40.745541128,-73.0545238146,1124
03FFAF24,40.7456703871,-73.0538223256,1125
03FFAF24,40.7458007036,-73.0531211734,1126
03FFAF24,40.745931313,-73.0524201138,1127
03FFAF24,40.7460622305,-73.0517191521,1128
03FFAF24,40.7461929371,-73.0510181216,1129
03FFAF24,40.7463234774,-73.0503170376,1130
03FFAF24,40.7464542138,-73.0496160164,1131
03FFAF24,40.7465837058,-73.0489145921,1132
03FFAF24,40.7467149545,-73.0482137318,1133
03FFAF24,40.7468476291,-73.0475133449,1134
03FFAF24,40.7469958315,-73.0468185727,1135
03FFAF24,40.7471870053,-73.0461427252,1136
03FFAF24,40.7474315794,-73.0454973036,1137
03FFAF24,40.747718047,-73.0448819597,1138
03FFAF24,40.7480227195,-73.0442815571,1139
03FFAF24,40.7483296531,-73.0436831172,1140
03FFAF24,40.7486359056,-73.0430840716,1141
03FFAF24,40.748942682,-73.0424854871,1142
03FFAF24,40.7492487555,-73.0418862778,1143
03FFAF24,40.7495552876,-73.0412874709,1144
03FFAF24,40.7498616223,-73.0406884868,1145
03FFAF24,40.7501679835,-73.0400895239,1146
03FFAF24,40.7504746734,-73.0394908518,1147
03FFAF24,40.7507816817,-73.0388924574,1148
03FFAF24,40.7510881889,-73.0382936164,1149
03FFAF24,40.7513941752,-73.0376943104,1150
03FFAF24,40.7517002664,-73.0370950941,1151
03FFAF24,40.752006495,-73.0364959967,1152
03FFAF24,40.7523125373,-73.0358967323,1153
03FFAF24,40.7526186192,-73.0352975004,1154
03FFAF24,40.7529248253,-73.0346983766,1155
03FFAF24,40.7532308629,-73.0340991042,1156
03FFAF24,40.7535370493,-73.0334999585,1157
03FFAF24,40.7538430527,-73.032900649,1158
03FFAF24,40.7541492666,-73.032301521,1159
03FFAF24,40.754455117,-73.0317020711,1160
03FFAF24,40.7547618745,-73.0311034248,1161
03FFAF24,40.7550678263,-73.0305040567,1162
03FFAF24,40.755373774,-73.0299046828,1163
03FFAF24,40.7556802971,-73.0293058166,1164
03FFAF24,40.7559866006,-73.0287067597,1165
03FFAF24,40.7562932864,-73.0281080357,1166
03FFAF24,40.7566009152,-73.0275101543,1167
03FFAF24,40.7569270173,-73.0269299436,1168
03FFAF24,40.7572856005,-73.0263836419,1169
03FFAF24,40.757655124,-73.0258497927,1170
03FFAF24,40.758022055,-73.0253128512,1171
03FFAF24,40.758391673,-73.0247791129,1172
03FFAF24,40.7587605153,-73.0242444352,1173
03FFAF24,40.7591284661,-73.0237086897,1174
03FFAF24,40.7594961862,-73.0231726671,1175
03FFAF24,40.7598611659,-73.022633448,1176
03FFAF24,40.7602006318,-73.0220670127,1177
03FFAF24,40.7604900529,-73.0214547586,1178
03FFAF24,40.760720939,-73.0208006589,1179
03FFAF24,40.7608968854,-73.020117445,1180
03FFAF24,40.7610420286,-73.0194212385,1181
03FFAF24,40.7611857995,-73.0187244898,1182
03FFAF24,40.7613286081,-73.0180273956,1183
03FFAF24,40.7614735003,-73.0173310694,1184
03FFAF24,40.7616348599,-73.0166410911,1185
03FFAF24,40.761802039,-73.0159534277,1186
03FFAF24,40.7619700973,-73.0152661334,1187
03FFAF24,40.7621377956,-73.0145786913,1188
03FFAF24,40.7623055573,-73.0138912696,1189
03FFAF24,40.7624715452,-73.0132031049,1190
03FFAF24,40.7626376918,-73.0125150082,1191
03FFAF24,40.7628086965,-73.0118289727,1192
03FFAF24,40.7629775722,-73.011142015,1193
03FFAF24,40.7631457394,-73.0104547537,1194
03FFAF24,40.7633135491,-73.0097673394,1195
03FFAF24,40.7634814082,-73.0090799443,1196
03FFAF24,40.7636491827,-73.0083925117,1197
03FFAF24,40.7638169382,-73.0077050695,1198
03FFAF24,40.7639841043,-73.0070173772,1199
03FFAF24,40.7641517333,-73.0063298788,1200
03FFAF24,40.7643200514,-73.0056426702,1201
03FFAF24,40.7644872882,-73.004955004,1202
03FFAF24,40.7646471223,-73.0042643766,1203
03FFAF24,40.7647897128,-73.0035672496,1204
03FFAF24,40.7649132399,-73.0028638783,1205
03FFAF24,40.7650172156,-73.0021550385,1206
03FFAF24,40.7651032944,-73.00144203,1207
03FFAF24,40.7651809545,-73.0007273059,1208
03FFAF24,40.7652588675,-73.0000126207,1209
03FFAF24,40.7653364987,-72.9992978793,1210
03FFAF24,40.7654141201,-72.9985831354,1211
03FFAF24,40.7654923114,-72.9978684993,1212
03FFAF24,40.7655695064,-72.9971536799,1213
03FFAF24,40.765647591,-72.9964390237,1214
03FFAF24,40.7657243647,-72.9957241192,1215
03FFAF24,40.7658015711,-72.9950092952,1216
03FFAF24,40.7658790962,-72.9942945348,1217
03FFAF24,40.7659570784,-72.9935798547,1218
03FFAF24,40.7660346307,-72.9928650911,1219
03FFAF24,40.7661116041,-72.9921502184,1220
03FFAF24,40.7661878688,-72.9914352137,1221
03FFAF24,40.7662652975,-72.9907204252,1222
03FFAF24,40.7663432233,-72.9900057308,1223
03FFAF24,40.7664202117,-72.9892908584,1224
03FFAF24,40.7664981399,-72.9885761635,1225
03FFAF24,40.7665755877,-72.9878613786,1226
03FFAF24,40.7666528516,-72.9871465581,1227
03FFAF24,40.7667303501,-72.9864317787,1228
03FFAF24,40.7668076011,-72.9857169506,1229
03FFAF24,40.7668855355,-72.9850022501,1230
03FFAF24,40.7669631343,-72.9842874869,1231
03FFAF24,40.7670411867,-72.9835728078,1232
03FFAF24,40.7671183607,-72.9828579627,1233
03FFAF24,40.7671955892,-72.9821431288,1234
03FFAF24,40.7672729082,-72.9814283093,1235
03FFAF24,40.7673503626,-72.9807135161,1236
03FFAF24,40.7674287408,-72.9799988996,1237
03FFAF24,40.7675059614,-72.9792840601,1238
03FFAF24,40.7675846742,-72.9785695072,1239
03FFAF24,40.7676739089,-72.9778571532,1240
03FFAF24,40.7677833483,-72.9771497265,1241
03FFAF24,40.767908127,-72.9764466249,1242
03FFAF24,40.7680332865,-72.9757436187,1243
03FFAF24,40.768159252,-72.9750408588,1244
03FFAF24,40.7682847802,-72.9743379638,1245
03FFAF24,40.7684101495,-72.9736350168,1246
03FFAF24,40.7685366729,-72.9729324273,1247
03FFAF24,40.7686621147,-72.9722294997,1248
03FFAF24,40.7687879213,-72.9715266827,1249
03FFAF24,40.7689134027,-72.9708237664,1250
03FFAF24,40.7690395215,-72.9701210451,1251
03FFAF24,40.7691651488,-72.9694181732,1252
03FFAF24,40.7692907249,-72.9687152816,1253
03FFAF24,40.7694167363,-72.9680125214,1254
03FFAF24,40.7695419285,-72.9673095083,1255
03FFAF24,40.7696682936,-72.966606861,1256
03FFAF24,40.7697937718,-72.9659039328,1257
03FFAF24,40.7699194376,-72.9652010616,1258
03FFAF24,40.7700442458,-72.9644979252,1259
03FFAF24,40.7701699269,-72.9637950546,1260
03FFAF24,40.7702952109,-72.9630920603,1261
03FFAF24,40.770420348,-72.9623890211,1262
03FFAF24,40.7705465301,-72.9616863026,1263
03FFAF24,40.7706727804,-72.9609836052,1264
03FFAF24,40.7707985107,-72.9602807436,1265
03FFAF24,40.7709237906,-72.9595777413,1266
03FFAF24,40.7710499408,-72.9588750074,1267
03FFAF24,40.771174445,-72.9581717649,1268
03FFAF24,40.771300198,-72.9574689059,1269
03FFAF24,40.7714254576,-72.9567658925,1270
03FFAF24,40.7715511494,-72.9560630123,1271
03FFAF24,40.7716762404,-72.9553599451,1272
03FFAF24,40.7718019729,-72.9546570732,1273
03FFAF24,40.7719275222,-72.9539541432,1274
03FFAF24,40.7720533156,-72.9532512876,1275
03FFAF24,40.7721791417,-72.9525484427,1276
03FFAF24,40.7723041317,-72.951845338,1277
03FFAF24,40.772429771,-72.9511424322,1278
03FFAF24,40.7725551595,-72.950439447,1279
03FFAF24,40.7726804904,-72.9497364422,1280
03FFAF24,40.7728056263,-72.9490333766,1281
03FFAF24,40.7729323204,-72.9483307927,1282
03FFAF24,40.7730572555,-72.9476276628,1283
03FFAF24,40.7731823741,-72.9469245865,1284
03FFAF24,40.7733076929,-72.9462215706,1285
03FFAF24,40.7734328501,-72.9455185036,1286
03FFAF24,40.7735585372,-72.9448156004,1287
03FFAF24,40.7736842773,-72.9441127118,1288
03FFAF24,40.773809109,-72.9434095418,1289
03FFAF24,40.7739345968,-72.9427065723,1290
03FFAF24,40.7740591775,-72.9420033217,1291
03FFAF24,40.774183084,-72.9412998639,1292
03FFAF24,40.7743086482,-72.9405969171,1293
03FFAF24,40.7744356387,-72.9398944117,1294
03FFAF24,40.774560744,-72.939191318,1295
03FFAF24,40.7746873561,-72.9384886891,1296
03FFAF24,40.7748134413,-72.9377858957,1297
03FFAF24,40.7749379511,-72.9370826149,1298
03FFAF24,40.7750630376,-72.9363795092,1299
03FFAF24,40.7751882658,-72.9356764469,1300
03FFAF24,40.7753145401,-72.9349737062,1301
03FFAF24,40.7754392546,-72.9342704825,1302
03FFAF24,40.7755637974,-72.9335672042,1303
03FFAF24,40.7756906714,-72.9328646606,1304
03FFAF24,40.7758325199,-72.9321672049,1305
03FFAF24,40.7760030598,-72.9314811937,1306
03FFAF24,40.7762118159,-72.9308137635,1307
03FFAF24,40.7764572769,-72.9301682662,1308
03FFAF24,40.7767345104,-72.9295452316,1309
03FFAF24,40.7770301983,-72.9289368931,1310
03FFAF24,40.7773312157,-72.9283330177,1311
03FFAF24,40.7776323128,-72.9277292081,1312
03FFAF24,40.7779333094,-72.9271253092,1313
03FFAF24,40.7782335139,-72.9265207263,1314
03FFAF24,40.7785342322,-72.9259165826,1315
03FFAF24,40.7788350139,-72.9253124902,1316
03FFAF24,40.7791353913,-72.9247080472,1317
03FFAF24,40.7794360878,-72.9241038761,1318
03FFAF24,40.7797368212,-72.923499734,1319
03FFAF24,40.7800371345,-72.9228952278,1320
03FFAF24,40.7803376747,-72.922290914,1321
03FFAF24,40.7806377469,-72.9216861952,1322
03FFAF24,40.7809382224,-72.9210818203,1323
03FFAF24,40.7812390981,-72.9204777873,1324
03FFAF24,40.7815396612,-72.9198734823,1325
03FFAF24,40.7818400704,-72.9192690421,1326
03FFAF24,40.7821407186,-72.9186648049,1327
03FFAF24,40.7824412609,-72.9180604739,1328
03FFAF24,40.782741931,-72.9174562506,1329
03FFAF24,40.7830429885,-72.9168523581,1330
03FFAF24,40.7833435874,-72.9162480679,1331
03FFAF24,40.7836436721,-72.9156433326,1332
03FFAF24,40.7839441627,-72.9150389435,1333
03FFAF24,40.7842445015,-72.9144344211,1334
03FFAF24,40.7845446878,-72.9138297655,1335
03FFAF24,40.7848456111,-72.9132257409,1336
03FFAF24,40.7851461842,-72.9126214124,1337
03FFAF24,40.7854462978,-72.9120166856,1338
03FFAF24,40.7857469296,-72.9114124019,1339
03FFAF24,40.7860474597,-72.9108080284,1340
03FFAF24,40.7863472508,-72.9102030167,1341
03FFAF24,40.7866477134,-72.9095985791,1342
03FFAF24,40.7869481867,-72.908994148,1343
03FFAF24,40.7872488453,-72.9083898737,1344
03FFAF24,40.7875496394,-72.9077857135,1345
03FFAF24,40.7878500602,-72.907181229,1346
03FFAF24,40.7881507397,-72.9065769644,1347
03FFAF24,40.7884512401,-72.9059725429,1348
03FFAF24,40.7887517491,-72.9053681261,1349
03FFAF24,40.7890522637,-72.9047637114,1350
03FFAF24,40.78935263,-72.9041591667,1351
03FFAF24,40.7896537518,-72.9035552704,1352
03FFAF24,40.7899539702,-72.9029505936,1353
03FFAF24,40.7902544782,-72.9023461626,1354
03FFAF24,40.7905552753,-72.9017419776,1355
03FFAF24,40.7908557812,-72.9011375397,1356
03FFAF24,40.7911556986,-72.9005325935,1357
03FFAF24,40.7914565924,-72.8999284849,1358
03FFAF24,40.791756601,-72.8993236114,1359
03FFAF24,40.7920572964,-72.8987193255,1360
03FFAF24,40.7923579917,-72.8981150365,1361
03FFAF24,40.792658174,-72.8975103036,1362
03FFAF24,40.7929586355,-72.896905808,1363
03FFAF24,40.7932588931,-72.8963011345,1364
03FFAF24,40.7935593286,-72.8956966116,1365
03FFAF24,40.7938599043,-72.8950922067,1366
03FFAF24,40.7941598124,-72.8944872246,1367
03FFAF24,40.7944599849,-72.893882467,1368
03FFAF24,40.7947605522,-72.8932780467,1369
03FFAF24,40.7950585777,-72.8926714632,1370
03FFAF24,40.7953413963,-72.8920526397,1371
03FFAF24,40.7955948641,-72.8914122802,1372
03FFAF24,40.7958132042,-72.8907499583,1373
03FFAF24,40.7959942852,-72.8900684351,1374
03FFAF24,40.7961378284,-72.8893716051,1375
03FFAF24,40.7962446468,-72.8886633161,1376
03FFAF24,40.7963326679,-72.8879503674,1377
03FFAF24,40.7964140267,-72.8872360122,1378
03FFAF24,40.7964940052,-72.8865213855,1379
03FFAF24,40.796575026,-72.885806962,1380
03FFAF24,40.7966546164,-72.8850922596,1381
03FFAF24,40.7967347151,-72.8843776538,1382
03FFAF24,40.7968153069,-72.8836631421,1383
03FFAF24,40.7968950272,-72.8829484601,1384
03FFAF24,40.7969750125,-72.8822338284,1385
03FFAF24,40.7970554342,-72.8815192809,1386
03FFAF24,40.7971363971,-72.8808048382,1387
03FFAF24,40.7972170722,-72.8800903382,1388
03FFAF24,40.7972974298,-72.8793757755,1389
03FFAF24,40.7973773735,-72.8786611316,1390
03FFAF24,40.7974582633,-72.8779466713,1391
03FFAF24,40.7975390934,-72.8772321983,1392
03FFAF24,40.7976194966,-72.876517641,1393
03FFAF24,40.7976992395,-72.8758029547,1394
03FFAF24,40.7977794154,-72.8750883516,1395
03FFAF24,40.7978603072,-72.8743738874,1396
03FFAF24,40.7979415178,-72.8736594852,1397
03FFAF24,40.7980214163,-72.8729448258,1398
03FFAF24,40.7981008378,-72.8722300732,1399
03FFAF24,40.7981811727,-72.8715154972,1400
03FFAF24,40.7982619608,-72.8708010081,1401
03FFAF24,40.7983425653,-72.8700864823,1402
03FFAF24,40.7984227631,-72.8693718763,1403
03FFAF24,40.7985033767,-72.8686573508,1404
03FFAF24,40.7985842418,-72.8679428738,1405
03FFAF24,40.79866402,-72.867228184,1406
03FFAF24,40.7987438684,-72.8665135069,1407
03FFAF24,40.7988243598,-72.8657989539,1408
03FFAF24,40.7989043489,-72.8650843024,1409
03FFAF24,40.7989842825,-72.8643696391,1410
03FFAF24,40.7990646031,-72.8636550503,1411
03FFAF24,40.7991447156,-72.8629404209,1412
03FFAF24,40.7992245666,-72.8622257397,1413
03FFAF24,40.7993046114,-72.8615111007,1414
03FFAF24,40.7993847152,-72.8607964679,1415
03FFAF24,40.799465046,-72.8600818769,1416
03FFAF24,40.7995454067,-72.8593672906,1417
03FFAF24,40.7996264236,-72.8586528332,1418
03FFAF24,40.7997053851,-72.8579379801,1419
03FFAF24,40.7997859909,-72.8572234413,1420
03FFAF24,40.7998663528,-72.8565088538,1421
03FFAF24,40.7999479671,-72.8557945218,1422
03FFAF24,40.8000273681,-72.8550797568,1423
03FFAF24,40.8001071686,-72.8543650564,1424
03FFAF24,40.800186855,-72.8536503327,1425
03FFAF24,40.8002676607,-72.8529358259,1426
03FFAF24,40.8003480637,-72.85222124,1427
03FFAF24,40.80042716,-72.8515064009,1428
03FFAF24,40.8005081944,-72.8507919383,1429
03FFAF24,40.800588995,-72.8500774277,1430
03FFAF24,40.8006681683,-72.8493626007,1431
03FFAF24,40.8007481192,-72.8486479219,1432
03FFAF24,40.8008284452,-72.8479333152,1433
03FFAF24,40.8009092084,-72.8472187928,1434
03FFAF24,40.8009892005,-72.8465041202,1435
03FFAF24,40.8010683643,-72.8457892863,1436
03FFAF24,40.8011481847,-72.8450745781,1437
03FFAF24,40.8012283131,-72.8443599286,1438
03FFAF24,40.801307329,-72.8436450649,1439
03FFAF24,40.801385958,-72.8429301274,1440
03FFAF24,40.8014657339,-72.8422154071,1441
03FFAF24,40.801544924,-72.8415005732,1442
03FFAF24,40.8016232808,-72.8407855795,1443
03FFAF24,40.8017013936,-72.840070539,1444
03FFAF24,40.8017806231,-72.8393557101,1445
03FFAF24,40.8018598178,-72.8386408735,1446
03FFAF24,40.8019388362,-72.8379260023,1447
03FFAF24,40.8020170523,-72.8372109779,1448
03FFAF24,40.80209566,-72.8364960285,1449
03FFAF24,40.8021758517,-72.8357813813,1450
03FFAF24,40.8022553038,-72.8350665901,1451
03FFAF24,40.802334311,-72.8343517125,1452
03FFAF24,40.8024130234,-72.8336367778,1453
03FFAF24,40.8024916399,-72.8329218239,1454
03FFAF24,40.8025703624,-72.8322068893,1455
03FFAF24,40.8026490417,-72.8314919457,1456
03FFAF24,40.8027277061,-72.8307769984,1457
03FFAF24,40.8028065263,-72.8300620803,1458
03FFAF24,40.8028867249,-72.8293474279,1459
03FFAF24,40.8029651261,-72.82863243,1460
03FFAF24,40.8030436814,-72.8279174591,1461
03FFAF24,40.8031225284,-72.8272025424,1462
03FFAF24,40.8032012861,-72.8264876147,1463
03FFAF24,40.8032706437,-72.825771067,1464
03FFAF24,40.8033109541,-72.8250509788,1465
03FFAF24,40.8033102349,-72.8243289261,1466
03FFAF24,40.8032689289,-72.8236089846,1467
03FFAF24,40.8031939243,-72.8228934857,1468
03FFAF24,40.8031066997,-72.8221802617,1469
03FFAF24,40.8030188818,-72.8214671594,1470
03FFAF24,40.8029298728,-72.820754313,1471
03FFAF24,40.8028410865,-72.8200414194,1472
03FFAF24,40.8027521634,-72.8193285563,1473
03FFAF24,40.8026626293,-72.8186158268,1474
03FFAF24,40.8025740467,-72.8179028925,1475
03FFAF24,40.8024853794,-72.8171899771,1476
03FFAF24,40.8023959507,-72.8164772274,1477
03FFAF24,40.8023061773,-72.8157645538,1478
03FFAF24,40.802217507,-72.8150516424,1479
03FFAF24,40.8021289234,-72.8143387127,1480
03FFAF24,40.8020401883,-72.8136258166,1481
03FFAF24,40.8019511637,-72.812912984,1482
03FFAF24,40.8018628817,-72.8121999937,1483
03FFAF24,40.8017767655,-72.8114865688,1484
03FFAF24,40.8017036824,-72.8107706651,1485
03FFAF24,40.8016481846,-72.8100520743,1486
03FFAF24,40.8016138298,-72.8093312077,1487
03FFAF24,40.8015982021,-72.8086091938,1488
03FFAF24,40.8016020243,-72.8078869323,1489
03FFAF24,40.8016226393,-72.8071651356,1490
03FFAF24,40.8016633531,-72.8064448384,1491
03FFAF24,40.8017240348,-72.8057269827,1492
03FFAF24,40.8018025183,-72.8050120912,1493
03FFAF24,40.8019005308,-72.8043013943,1494
03FFAF24,40.8020171356,-72.8035955794,1495
03FFAF24,40.8021513365,-72.8028951627,1496
03FFAF24,40.802294122,-72.8021976361,1497
03FFAF24,40.8024380454,-72.8015005071,1498
03FFAF24,40.8025816421,-72.8008032603,1499
03FFAF24,40.8027247978,-72.8001058547,1500
03FFAF24,40.8028685892,-72.7994086741,1501
03FFAF24,40.8030125941,-72.7987115682,1502
03FFAF24,40.8031563993,-72.7980143894,1503
03FFAF24,40.8032998115,-72.797317069,1504
03FFAF24,40.8034437226,-72.7966199257,1505
03FFAF24,40.8035871764,-72.7959226181,1506
03FFAF24,40.8037297356,-72.7952249907,1507
03FFAF24,40.8038733349,-72.7945277314,1508
03FFAF24,40.8040170406,-72.7938305081,1509
03FFAF24,40.8041608988,-72.7931333378,1510
03FFAF24,40.8043043867,-72.7924360338,1511
03FFAF24,40.804447642,-72.7917386456,1512
03FFAF24,40.8045910698,-72.7910413191,1513
03FFAF24,40.8047346212,-72.7903440343,1514
03FFAF24,40.8048787205,-72.7896469427,1515
03FFAF24,40.8050224027,-72.7889497006,1516
03FFAF24,40.8051656055,-72.7882522861,1517
03FFAF24,40.8053088074,-72.7875548698,1518
03FFAF24,40.8054521378,-72.7868574976,1519
03FFAF24,40.8055956705,-72.7861601965,1520
03FFAF24,40.8057401172,-72.7854632206,1521
03FFAF24,40.805883751,-72.7847659536,1522
03FFAF24,40.8060260776,-72.7840682211,1523
03FFAF24,40.8061699787,-72.7833710531,1524
03FFAF24,40.8063134606,-72.7826737339,1525
03FFAF24,40.8064569592,-72.7819764116,1526
03FFAF24,40.8066000512,-72.7812789426,1527
03FFAF24,40.8067432736,-72.7805815186,1528
03FFAF24,40.80688682,-72.7798842084,1529
03FFAF24,40.807029966,-72.7791867544,1530
03FFAF24,40.8071728164,-72.7784891937,1531
03FFAF24,40.8073160286,-72.77779176,1532
03FFAF24,40.8074597594,-72.77709451,1533
03FFAF24,40.8076039461,-72.7763974213,1534
03FFAF24,40.8077471376,-72.7756999761,1535
03FFAF24,40.8078900532,-72.775002431,1536
03FFAF24,40.8080333977,-72.7743050371,1537
03FFAF24,40.808177034,-72.7736077454,1538
03FFAF24,40.8083205283,-72.7729104018,1539
03FFAF24,40.8084635475,-72.7722128875,1540
03FFAF24,40.808606558,-72.7715153686,1541
03FFAF24,40.8087497982,-72.7708179299,1542
03FFAF24,40.808893088,-72.7701205073,1543
03FFAF24,40.8090365524,-72.7694231454,1544
03FFAF24,40.8091800777,-72.7687258037,1545
03FFAF24,40.8093233562,-72.7680283726,1546
03FFAF24,40.8094664116,-72.7673308607,1547
03FFAF24,40.8096096087,-72.7666333976,1548
03FFAF24,40.8097530579,-72.7659360228,1549
03FFAF24,40.8098964956,-72.7652386423,1550
03FFAF24,40.8100398576,-72.7645412334,1551
03FFAF24,40.8101832041,-72.7638438175,1552
03FFAF24,40.8103263514,-72.7631463293,1553
03FFAF24,40.8104692226,-72.7624487414,1554
03FFAF24,40.810612155,-72.7617511738,1555
03FFAF24,40.8107551016,-72.7610536097,1556
03FFAF24,40.8108979345,-72.7603560038,1557
03FFAF24,40.8110417503,-72.7596587472,1558
03FFAF24,40.8111850869,-72.7589613194,1559
03FFAF24,40.8113273783,-72.7582635178,1560
03FFAF24,40.8114710486,-72.7575662046,1561
03FFAF24,40.8116267956,-72.7568737022,1562
03FFAF24,40.8118314603,-72.7562044178,1563
03FFAF24,40.8121048818,-72.7555796761,1564
03FFAF24,40.8124432333,-72.7550124289,1565
03FFAF24,40.8128399511,-72.7545153073,1566
03FFAF24,40.8132826075,-72.7540892271,1567
03FFAF24,40.8137449247,-72.7536997919,1568
03FFAF24,40.8142103202,-72.7533166277,1569
03FFAF24,40.8146760028,-72.7529340644,1570
03FFAF24,40.8151415404,-72.7525511927,1571
03FFAF24,40.815607195,-72.7521685652,1572
03FFAF24,40.8160727294,-72.7517856818,1573
03FFAF24,40.8165379425,-72.7514021198,1574
03FFAF24,40.8170031044,-72.7510184476,1575
03FFAF24,40.8174684598,-72.7506351795,1576
03FFAF24,40.8179340507,-72.7502524047,1577
03FFAF24,40.8183995138,-72.7498693579,1578
03FFAF24,40.8188646337,-72.7494855877,1579
03FFAF24,40.8193297559,-72.7491018202,1580
03FFAF24,40.8197954609,-72.7487192753,1581
03FFAF24,40.8202609145,-72.7483361987,1582
03FFAF24,40.8207261383,-72.7479526357,1583
03FFAF24,40.8211915065,-72.7475693736,1584
03FFAF24,40.8216570588,-72.7471864964,1585
03FFAF24,40.8221225539,-72.7468034964,1586
03FFAF24,40.8225878322,-72.7464200375,1587
03FFAF24,40.8230532577,-72.7460368855,1588
03FFAF24,40.8235187496,-72.7456538707,1589
03FFAF24,40.8239841706,-72.7452707046,1590
03FFAF24,40.8244469458,-72.7448821201,1591
03FFAF24,40.8248929672,-72.7444619931,1592
03FFAF24,40.8252964448,-72.7439740403,1593
03FFAF24,40.8256459817,-72.7434186889,1594
03FFAF24,40.8259315762,-72.7428032491,1595
03FFAF24,40.8261476224,-72.7421404867,1596
03FFAF24,40.8262927987,-72.7414449791,1597
03FFAF24,40.8263619275,-72.740729595,1598
03FFAF24,40.8263535633,-72.7400084633,1599
03FFAF24,40.8262787818,-72.7392931902,1600
03FFAF24,40.8261769118,-72.7385831359,1601
03FFAF24,40.8260716555,-72.7378738882,1602
03FFAF24,40.8259675199,-72.7371643544,1603
03FFAF24,40.825863545,-72.7364547811,1604
03FFAF24,40.8257586898,-72.7357454333,1605
03FFAF24,40.825654479,-72.7350359218,1606
03FFAF24,40.8255504132,-72.7343263751,1607
03FFAF24,40.8254460222,-72.7336169136,1608
03FFAF24,40.8253410352,-72.7329076075,1609
03FFAF24,40.8252365934,-72.7321981617,1610
03FFAF24,40.825132808,-72.7314885478,1611
03FFAF24,40.8250281773,-72.7307791501,1612
03FFAF24,40.8249238505,-72.7300696759,1613
03FFAF24,40.8248197261,-72.7293601511,1614
03FFAF24,40.8247153959,-72.7286506798,1615
03FFAF24,40.8246113674,-72.7279411328,1616
03FFAF24,40.8245070722,-72.727231655,1617
03FFAF24,40.8244024229,-72.7265222685,1618
03FFAF24,40.8242989538,-72.725812584,1619
03FFAF24,40.8241953005,-72.7251029467,1620
03FFAF24,40.8240918504,-72.7243932593,1621
03FFAF24,40.8239896515,-72.7236832587,1622
03FFAF24,40.8238866214,-72.7229734683,1623
03FFAF24,40.8237828596,-72.7222638625,1624
03FFAF24,40.8236794245,-72.7215541752,1625
03FFAF24,40.8235761174,-72.7208444566,1626
03FFAF24,40.8234729297,-72.7201347091,1627
03FFAF24,40.8233700138,-72.7194248942,1628
03FFAF24,40.823266535,-72.7187152226,1629
03FFAF24,40.8231633549,-72.7180054775,1630
03FFAF24,40.82306114,-72.7172954907,1631
03FFAF24,40.8229581737,-72.716585693,1632
03FFAF24,40.8228548099,-72.7158759964,1633
03FFAF24,40.8227517853,-72.7151662157,1634
03FFAF24,40.8226490189,-72.7144563712,1635
03FFAF24,40.8225455403,-72.713746707,1636
03FFAF24,40.822441916,-72.7130370806,1637
03FFAF24,40.8223389259,-72.7123272957,1638
03FFAF24,40.8222363021,-72.7116174197,1639
03FFAF24,40.8221331442,-72.710907679,1640
03FFAF24,40.8220298429,-72.7101979755,1641
03FFAF24,40.8219269495,-72.7094881704,1642
03FFAF24,40.8218241499,-72.7087783429,1643
03FFAF24,40.8217210369,-72.7080685952,1644
03FFAF24,40.8216177963,-72.7073588808,1645
03FFAF24,40.8215150988,-72.706649031,1646
03FFAF24,40.8214124777,-72.705939163,1647
03FFAF24,40.8213097036,-72.7052293345,1648
03FFAF24,40.8212067271,-72.7045195582,1649
03FFAF24,40.8211036606,-72.7038098109,1650
03FFAF24,40.8210003449,-72.703100127,1651
03FFAF24,40.820896333,-72.7023906186,1652
03FFAF24,40.8207940484,-72.7016806771,1653
03FFAF24,40.8206896616,-72.7009712644,1654
03FFAF24,40.8205865162,-72.7002615373,1655
03FFAF24,40.8204835503,-72.6995517657,1656
03FFAF24,40.8203808149,-72.6988419374,1657
03FFAF24,40.8202785597,-72.6981319903,1658
03FFAF24,40.8201762508,-72.697422059,1659
03FFAF24,40.8200734652,-72.6967123892,1660
03FFAF24,40.8200129975,-72.6959952799,1661
03FFAF24,40.8200282668,-72.6952742755,1662
03FFAF24,40.8201206278,-72.6945633216,1663
03FFAF24,40.8202881629,-72.6938763073,1664
03FFAF24,40.8205017594,-72.6932108447,1665
03FFAF24,40.8207242297,-72.6925502522,1666
03FFAF24,40.8209461957,-72.6918893606,1667
03FFAF24,40.8211694092,-72.6912291943,1668
03FFAF24,40.8213920136,-72.6905686694,1669
03FFAF24,40.8216147419,-72.6899082147,1670
03FFAF24,40.821837568,-72.6892478154,1671
03FFAF24,40.8220595098,-72.6885868975,1672
03FFAF24,40.8222816058,-72.6879260673,1673
03FFAF24,40.8225043902,-72.6872656366,1674
03FFAF24,40.8227275408,-72.6866054179,1675
03FFAF24,40.8229500286,-72.6859448095,1676
03FFAF24,40.8231722617,-72.6852840502,1677
03FFAF24,40.8233948245,-72.6846234812,1678
03FFAF24,40.8236180405,-72.6839632922,1679
03FFAF24,40.823841754,-72.6833033927,1680
03FFAF24,40.8240648764,-72.6826431442,1681
03FFAF24,40.8242875782,-72.6819826475,1682
03FFAF24,40.824511065,-72.6813226093,1683
03FFAF24,40.8247353019,-72.6806630088,1684
03FFAF24,40.8249590899,-72.6800031419,1685
03FFAF24,40.825182509,-72.6793430562,1686
03FFAF24,40.8254063631,-72.678683224,1687
03FFAF24,40.8256293975,-72.6780229092,1688
03FFAF24,40.825852468,-72.6773626129,1689
03FFAF24,40.8260763313,-72.6767027797,1690
03FFAF24,40.8263003619,-72.676043043,1691
03FFAF24,40.8265235567,-72.6753828128,1692
03FFAF24,40.8267474718,-72.674723003,1693
03FFAF24,40.8269713551,-72.6740631722,1694
03FFAF24,40.8271952877,-72.6734033682,1695
03FFAF24,40.8274191068,-72.6727434954,1696
03FFAF24,40.8276439085,-72.6720842013,1697
03FFAF24,40.82786748,-72.6714241809,1698
03FFAF24,40.8280915836,-72.6707644739,1699
03FFAF24,40.8283024484,-72.6700975597,1700
03FFAF24,40.8284573897,-72.6694055444,1701
03FFAF24,40.8285500682,-72.668693723,1702
03FFAF24,40.8286189475,-72.6679767699,1703
03FFAF24,40.8286875347,-72.6672597505,1704
03FFAF24,40.828757544,-72.6665429708,1705
03FFAF24,40.8288235779,-72.665825537,1706
03FFAF24,40.8288914937,-72.6651084056,1707
03FFAF24,40.8289597247,-72.6643913231,1708
03FFAF24,40.8290270678,-72.6636740936,1709
03FFAF24,40.8290949869,-72.6629569571,1710
03FFAF24,40.829163159,-72.6622398615,1711
03FFAF24,40.8292310924,-72.6615227259,1712
03FFAF24,40.8292988402,-72.6608055592,1713
03FFAF24,40.8293667546,-72.6600884189,1714
03FFAF24,40.8294347384,-72.6593712894,1715
03FFAF24,40.8295028604,-72.6586541818,1716
03FFAF24,40.8295709406,-72.6579370668,1717
03FFAF24,40.8296383441,-72.6572198402,1718
03FFAF24,40.8297056888,-72.6565026034,1719
03FFAF24,40.8297736951,-72.6557854739,1720
03FFAF24,40.8298418394,-72.6550683665,1721
03FFAF24,40.8299106847,-72.6543513745,1722
03FFAF24,40.8299787536,-72.6536342569,1723
03FFAF24,40.830047094,-72.6529171816,1724
03FFAF24,40.8301159015,-72.6522001817,1725
03FFAF24,40.8301849514,-72.6514832207,1726
03FFAF24,40.8302541517,-72.6507662841,1727
03FFAF24,40.8303233808,-72.6500493515,1728
03FFAF24,40.8303922693,-72.6493323613,1729
03FFAF24,40.8304620275,-72.6486155206,1730
03FFAF24,40.8305312892,-72.6478986049,1731
03FFAF24,40.8306003396,-72.6471816405,1732
03FFAF24,40.8306693673,-72.6464646707,1733
03FFAF24,40.8307384436,-72.6457477091,1734
03FFAF24,40.8308083077,-72.6450308813,1735
03FFAF24,40.8308776357,-72.6443139614,1736
03FFAF24,40.8309476269,-72.6435971504,1737
03FFAF24,40.8310171401,-72.6428802587,1738
03FFAF24,40.8310875158,-72.6421635127,1739
03FFAF24,40.8311567513,-72.6414465723,1740
03FFAF24,40.8312259522,-72.6407296253,1741
03FFAF24,40.8312957238,-72.6400127737,1742
03FFAF24,40.8313658459,-72.6392959806,1743
03FFAF24,40.8314352947,-72.6385790729,1744
03FFAF24,40.8315051864,-72.6378622398,1745
03FFAF24,40.8315763907,-72.6371456293,1746
03FFAF24,40.8316464733,-72.6364288273,1747
03FFAF24,40.8317159058,-72.6357119139,1748
03FFAF24,40.8317863204,-72.6349951661,1749
03FFAF24,40.831856898,-72.634278445,1750
03FFAF24,40.8319269683,-72.6335616368,1751
03FFAF24,40.8319970401,-72.6328448281,1752
03FFAF24,40.8320673114,-72.6321280525,1753
03FFAF24,40.8321378056,-72.6314113143,1754
03FFAF24,40.8322090646,-72.6306947063,1755
03FFAF24,40.8322803895,-72.6299781088,1756
03FFAF24,40.8323509687,-72.6292613831,1757
03FFAF24,40.8324209734,-72.6285445585,1758
03FFAF24,40.8324911498,-72.6278277623,1759
03FFAF24,40.8325617194,-72.6271110321,1760
03FFAF24,40.8326322986,-72.6263943029,1761
03FFAF24,40.8327027379,-72.625677549,1762
03FFAF24,40.8327730783,-72.6249607776,1763
03FFAF24,40.8328433837,-72.6242439994,1764
03FFAF24,40.8329135571,-72.6235271981,1765
03FFAF24,40.8329838906,-72.6228104233,1766
03FFAF24,40.8330549871,-72.6220937783,1767
03FFAF24,40.8331260271,-72.6213771227,1768
03FFAF24,40.8331963421,-72.6206603425,1769
03FFAF24,40.8332665536,-72.6199435438,1770
03FFAF24,40.8333369446,-72.6192267749,1771
03FFAF24,40.8334073804,-72.618510013,1772
03FFAF24,40.8334769514,-72.6177931043,1773
03FFAF24,40.8335476741,-72.6170763908,1774
03FFAF24,40.833617833,-72.6163595802,1775
03FFAF24,40.8336879705,-72.6156427649,1776
03FFAF24,40.8337586331,-72.6149260377,1777
03FFAF24,40.8338289838,-72.6142092567,1778
03FFAF24,40.833899001,-72.6134924183,1779
03FFAF24,40.8339695003,-72.6127756612,1780
03FFAF24,40.8340392604,-72.6120587783,1781
03FFAF24,40.8341086417,-72.6113418305,1782
03FFAF24,40.834178768,-72.6106250077,1783
03FFAF24,40.8342487725,-72.6099081634,1784
03FFAF24,40.8343185487,-72.6091912798,1785
03FFAF24,40.8343927006,-72.6084752365,1786
03FFAF24,40.8345062372,-72.6077691795,1787
03FFAF24,40.8346808962,-72.6070858248,1788
03FFAF24,40.8349309397,-72.6064438394,1789
03FFAF24,40.8352426696,-72.6058505166,1790
03FFAF24,40.8355902038,-72.6052912078,1791
03FFAF24,40.8359456471,-72.604740423,1792
03FFAF24,40.836301555,-72.6041901519,1793
03FFAF24,40.8366575301,-72.6036399537,1794
03FFAF24,40.837012264,-72.6030883654,1795
03FFAF24,40.8373681158,-72.6025380285,1796
03FFAF24,40.8377235447,-72.60198722,1797
03FFAF24,40.8380788152,-72.6014362221,1798
03FFAF24,40.8384345742,-72.6008857679,1799
03FFAF24,40.8387902338,-72.6003351994,1800
03FFAF24,40.8391449983,-72.5997836266,1801
03FFAF24,40.8395003947,-72.5992327595,1802
03FFAF24,40.8398567706,-72.5986829847,1803
03FFAF24,40.8402127439,-72.5981327552,1804
03FFAF24,40.8405681438,-72.5975818802,1805
03FFAF24,40.8409235195,-72.5970309751,1806
03FFAF24,40.8412789858,-72.5964801686,1807
03FFAF24,40.8416349835,-72.5959299547,1808
03FFAF24,40.8419906565,-72.5953793742,1809
03FFAF24,40.8423460412,-72.5948284677,1810
03FFAF24,40.8427018388,-72.5942780204,1811
03FFAF24,40.8430571844,-72.5937270648,1812
03FFAF24,40.8434122444,-72.5931757866,1813
03FFAF24,40.8437679275,-72.5926252025,1814
03FFAF24,40.8441236241,-72.5920746304,1815
03FFAF24,40.8444792449,-72.5915239707,1816
03FFAF24,40.8448344707,-72.5909728665,1817
03FFAF24,40.8451896808,-72.5904217413,1818
03FFAF24,40.8455451049,-72.5898708525,1819
03FFAF24,40.8459007235,-72.5893201784,1820
03FFAF24,40.846256093,-72.5887692227,1821
03FFAF24,40.8466113748,-72.5882181659,1822
03FFAF24,40.8469669941,-72.587667484,1823
03FFAF24,40.8473224992,-72.5871166723,1824
03FFAF24,40.8476765302,-72.5865642138,1825
03FFAF24,40.848028894,-72.586009909,1826
03FFAF24,40.8483802392,-72.585454478,1827
03FFAF24,40.848731385,-72.5848988255,1828
03FFAF24,40.8490824856,-72.5843431204,1829
03FFAF24,40.8494338986,-72.5837877551,1830
03FFAF24,40.8497854483,-72.5832325369,1831
03FFAF24,40.8501374196,-72.5826777793,1832
03FFAF24,40.8504886714,-72.5821222314,1833
03FFAF24,40.8508385629,-72.581565191,1834
03FFAF24,40.8511888717,-72.5810086028,1835
03FFAF24,40.8515401448,-72.5804530672,1836
03FFAF24,40.8518917383,-72.5798978797,1837
03FFAF24,40.8522435069,-72.5793428817,1838
03FFAF24,40.8525946521,-72.5787871968,1839
03FFAF24,40.8529449989,-72.5782306358,1840
03FFAF24,40.8532960378,-72.5776748289,1841
03FFAF24,40.8536476276,-72.5771196229,1842
03FFAF24,40.8539992979,-72.5765645027,1843
03FFAF24,40.8543503422,-72.5760086924,1844
03FFAF24,40.8547012673,-72.5754527487,1845
03FFAF24,40.8550524676,-72.5748971036,1846
03FFAF24,40.8554033668,-72.5743411256,1847
03FFAF24,40.8557540404,-72.5737848979,1848
03FFAF24,40.8561048681,-72.573228837,1849
03FFAF24,40.8564568766,-72.5726740684,1850
03FFAF24,40.8568083679,-72.5721187282,1851
03FFAF24,40.8571595971,-72.5715630972,1852
03FFAF24,40.8575107816,-72.5710074143,1853
03FFAF24,40.8578618856,-72.5704516402,1854
03FFAF24,40.8582129163,-72.5698957829,1855
03FFAF24,40.8585637482,-72.569339705,1856
03FFAF24,40.8589145514,-72.5687835928,1857
03FFAF24,40.8592653302,-72.5682274509,1858
03FFAF24,40.8596165108,-72.5676717466,1859
03FFAF24,40.8599680149,-72.5671163941,1860
03FFAF24,40.8603191222,-72.5665606033,1861
03FFAF24,40.860670069,-72.5660046338,1862
03FFAF24,40.8610212453,-72.5654489128,1863
03FFAF24,40.8613724116,-72.5648931779,1864
03FFAF24,40.8617232297,-72.5643370588,1865
03FFAF24,40.8620741102,-72.563781005,1866
03FFAF24,40.8624250952,-72.5632250627,1867
03FFAF24,40.8627763209,-72.5626693813,1868
03FFAF24,40.8631274956,-72.5621136412,1869
03FFAF24,40.8634781113,-72.5615572863,1870
03FFAF24,40.863828493,-72.5610006724,1871
03FFAF24,40.8641781936,-72.560443314,1872
03FFAF24,40.8645178568,-72.5598755774,1873
03FFAF24,40.8648253166,-72.5592771952,1874
03FFAF24,40.8650888421,-72.5586436504,1875
03FFAF24,40.8653193117,-72.5579875317,1876
03FFAF24,40.8655402159,-72.5573255904,1877
03FFAF24,40.865761326,-72.5566637578,1878
03FFAF24,40.8659813191,-72.5560012769,1879
03FFAF24,40.8662005978,-72.5553383821,1880
03FFAF24,40.8664210626,-72.5546761681,1881
03FFAF24,40.8666417161,-72.5540140605,1882
03FFAF24,40.8668621328,-72.5533518139,1883
03FFAF24,40.8670824841,-72.5526895274,1884
03FFAF24,40.867302811,-72.5520272245,1885
03FFAF24,40.8675229291,-72.551364799,1886
03FFAF24,40.8677428983,-72.5507022855,1887
03FFAF24,40.8679628331,-72.55003975,1888
03FFAF24,40.8681830386,-72.5493773684,1889
03FFAF24,40.8684035834,-72.5487151805,1890
03FFAF24,40.8686241388,-72.5480529965,1891
03FFAF24,40.868844086,-72.5473904599,1892
03FFAF24,40.8690638548,-72.5467278182,1893
03FFAF24,40.8692842044,-72.5460655087,1894
03FFAF24,40.8695044763,-72.5454031523,1895
03FFAF24,40.8697246861,-72.5447407578,1896
03FFAF24,40.8699446529,-72.544078221,1897
03FFAF24,40.8701645643,-72.5434156501,1898
03FFAF24,40.8703846401,-72.5427531718,1899
03FFAF24,40.8706048794,-72.5420907856,1900
03FFAF24,40.8708249548,-72.5414283027,1901
03FFAF24,40.8710449594,-72.5407657767,1902
03FFAF24,40.8712647243,-72.5401031109,1903
03FFAF24,40.8714834402,-72.5394398408,1904
03FFAF24,40.8717032428,-72.5387771944,1905
03FFAF24,40.871924277,-72.5381152548,1906
03FFAF24,40.8721446165,-72.5374529113,1907
03FFAF24,40.8723647129,-72.5367904252,1908
03FFAF24,40.8725850675,-72.5361280859,1909
03FFAF24,40.8728053797,-72.5354657201,1910
03FFAF24,40.873025114,-72.5348030188,1911
03FFAF24,40.8732445834,-72.534140163,1912
03FFAF24,40.8734640006,-72.5334772751,1913
03FFAF24,40.8736838567,-72.5328146374,1914
03FFAF24,40.8739033073,-72.5321517648,1915
03FFAF24,40.874122233,-72.5314885883,1916
03FFAF24,40.8743415606,-72.5308256404,1917
03FFAF24,40.8745612823,-72.530162917,1918
03FFAF24,40.8747803603,-72.5294998214,1919
03FFAF24,40.8749998231,-72.5288369444,1920
03FFAF24,40.8752193772,-72.5281741181,1921
03FFAF24,40.8754384809,-72.5275110308,1922
03FFAF24,40.8756579985,-72.5268481789,1923
03FFAF24,40.8758779763,-72.5261855895,1924
03FFAF24,40.876097995,-72.5255230214,1925
03FFAF24,40.8763177778,-72.5248603161,1926
03FFAF24,40.8765374448,-72.5241975427,1927
03FFAF24,40.8767570777,-72.5235347476,1928
03FFAF24,40.8769773668,-72.522872328,1929
03FFAF24,40.8771971433,-72.5222096097,1930
03FFAF24,40.8774172712,-72.5215470916,1931
03FFAF24,40.8776373154,-72.5208845229,1932
03FFAF24,40.8778577655,-72.5202221866,1933
03FFAF24,40.8780782696,-72.5195598796,1934
03FFAF24,40.8782979094,-72.5188970715,1935
03FFAF24,40.8785180572,-72.5182345553,1936
03FFAF24,40.8787375429,-72.5175716577,1937
03FFAF24,40.8789574952,-72.5169090233,1938
03FFAF24,40.879177168,-72.516246226,1939
03FFAF24,40.8794012132,-72.5155860353,1940
03FFAF24,40.8796554327,-72.5149458265,1941
03FFAF24,40.8799659627,-72.5143508149,1942
03FFAF24,40.8803233301,-72.5138023992,1943
03FFAF24,40.8806969174,-72.5132725037,1944
03FFAF24,40.88107004,-72.5127420201,1945
03FFAF24,40.8814433372,-72.5122117447,1946
03FFAF24,40.8818105956,-72.511674381,1947
03FFAF24,40.882151419,-72.5111080033,1948
03FFAF24,40.8824597211,-72.5105098926,1949
03FFAF24,40.8827583203,-72.5099029879,1950
03FFAF24,40.8830543301,-72.5092938876,1951
03FFAF24,40.883350815,-72.508685184,1952
03FFAF24,40.8836482891,-72.5080773117,1953
03FFAF24,40.8839454675,-72.5074691855,1954
03FFAF24,40.8842424669,-72.5068609048,1955
03FFAF24,40.884539561,-72.5062527019,1956
03FFAF24,40.8848371759,-72.5056449382,1957
03FFAF24,40.8851410178,-72.5050426603,1958
03FFAF24,40.8854601826,-72.5044543944,1959
03FFAF24,40.8858005284,-72.5038870107,1960
03FFAF24,40.8861480265,-72.5033270894,1961
03FFAF24,40.886494755,-72.5027663318,1962
03FFAF24,40.8868403129,-72.5022043184,1963
03FFAF24,40.8871869835,-72.5016434945,1964
03FFAF24,40.8875332234,-72.5010822058,1965
03FFAF24,40.8878708554,-72.5005121348,1966
03FFAF24,40.8881734548,-72.4999099609,1967
03FFAF24,40.8884063152,-72.4992566234,1968
03FFAF24,40.8885648867,-72.4985655664,1969
03FFAF24,40.8886543425,-72.4978526008,1970
03FFAF24,40.8887163699,-72.4971339163,1971
03FFAF24,40.88877492,-72.4964147048,1972
03FFAF24,40.8888317977,-72.4956952617,1973
03FFAF24,40.888887942,-72.494975717,1974
03FFAF24,40.8889456842,-72.494256391,1975
03FFAF24,40.889008612,-72.4935378874,1976
03FFAF24,40.8890927554,-72.492823293,1977
03FFAF24,40.8891971732,-72.4921131923,1978
03FFAF24,40.8893046535,-72.4914038495,1979
03FFAF24,40.8894115809,-72.4906943602,1980
03FFAF24,40.8895189321,-72.4899849817,1981
03FFAF24,40.8896268385,-72.4892757484,1982
03FFAF24,40.8897337639,-72.4885662552,1983
03FFAF24,40.8898414211,-72.4878569533,1984
03FFAF24,40.8899492209,-72.4871476876,1985
03FFAF24,40.8900567993,-72.4864383624,1986
03FFAF24,40.8901641505,-72.4857289762,1987
03FFAF24,40.8902711364,-72.4850194931,1988
03FFAF24,40.8903782428,-72.4843100405,1989
03FFAF24,40.8904858955,-72.4836007327,1990
03FFAF24,40.8905833007,-72.4828890015,1991
03FFAF24,40.8906475508,-72.4821710553,1992
03FFAF24,40.8906763992,-72.4814488567,1993
03FFAF24,40.8906944103,-72.4807258888,1994
03FFAF24,40.8907106243,-72.4800028453,1995
03FFAF24,40.8907273007,-72.4792798195,1996
03FFAF24,40.8907443378,-72.4785568081,1997
03FFAF24,40.8907606342,-72.4778337675,1998
03FFAF24,40.8907743505,-72.4771106393,1999
03FFAF24,40.8907835604,-72.4763873856,2000
03FFAF24,40.890794126,-72.4756641623,2001
03FFAF24,40.8908022955,-72.4749408846,2002
03FFAF24,40.8908109123,-72.4742176133,2003
03FFAF24,40.8908195064,-72.4734943422,2004
03FFAF24,40.8908270822,-72.4727710512,2005
03FFAF24,40.8908346456,-72.4720477604,2006
03FFAF24,40.8908418681,-72.4713244623,2007
03FFAF24,40.8908506468,-72.4706011945,2008
03FFAF24,40.8908594861,-72.4698779271,2009
03FFAF24,40.8908667675,-72.4691546318,2010
03FFAF24,40.8908745902,-72.4684313488,2011
03FFAF24,40.8908834442,-72.4677080825,2012
03FFAF24,40.8908922277,-72.4669848145,2013
03FFAF24,40.8908995757,-72.4662615178,2014
03FFAF24,40.890907038,-72.4655382231,2015
03FFAF24,40.8909143087,-72.4648149251,2016
03FFAF24,40.8909222075,-72.4640916398,2017
03FFAF24,40.8909251749,-72.4633683261,2018
03FFAF24,40.8909158685,-72.4626450987,2019
03FFAF24,40.8909007383,-72.4619220123,2020
03FFAF24,40.8908857241,-72.4611989216,2021
03FFAF24,40.8908694771,-72.4604758779,2022
03FFAF24,40.890853511,-72.459752823,2023
03FFAF24,40.890836954,-72.4590297911,2024
03FFAF24,40.8908212069,-72.4583067292,2025
03FFAF24,40.8908060067,-72.4575836504,2026
03FFAF24,40.8907888109,-72.456860646,2027
03FFAF24,40.8907729927,-72.4561375863,2028
03FFAF24,40.89075764,-72.4554145093,2029
03FFAF24,40.8907414841,-72.4546914626,2030
03FFAF24,40.8907251457,-72.4539684232,2031
03FFAF24,40.8907089305,-72.4532453791,2032
03FFAF24,40.8906928632,-72.4525223295,2033
03FFAF24,40.8906771174,-72.4517992709,2034
03FFAF24,40.8906689898,-72.4510760684,2035
03FFAF24,40.8906814045,-72.4503530188,2036
03FFAF24,40.8907084363,-72.4496305659,2037
03FFAF24,40.8907359433,-72.4489081158,2038
03FFAF24,40.8907645085,-72.4481857368,2039
03FFAF24,40.8907934821,-72.4474633846,2040
03FFAF24,40.8908222387,-72.4467410172,2041
03FFAF24,40.8908511262,-72.4460186584,2042
03FFAF24,40.8908806269,-72.4452963426,2043
03FFAF24,40.8909099133,-72.4445740115,2044
03FFAF24,40.8909383417,-72.4438516203,2045
03FFAF24,40.890966765,-72.4431292291,2046
03FFAF24,40.8909959883,-72.442406893,2047
03FFAF24,40.8910235209,-72.4416844412,2048
03FFAF24,40.8910522386,-72.4409620701,2049
03FFAF24,40.8910808565,-72.4402396911,2050
03FFAF24,40.8911093606,-72.4395173034,2051
03FFAF24,40.8911381047,-72.4387949316,2052
03FFAF24,40.8911661309,-72.4380725108,2053
03FFAF24,40.8911942764,-72.4373500979,2054
03FFAF24,40.8912233528,-72.4366277483,2055
03FFAF24,40.8912522752,-72.4359053877,2056
03FFAF24,40.8912808328,-72.4351830016,2057
03FFAF24,40.8913090469,-72.4344605917,2058
03FFAF24,40.8913376218,-72.4337382066,2059
03FFAF24,40.8913646568,-72.4330157186,2060
03FFAF24,40.8913930692,-72.432293324,2061
03FFAF24,40.8914219819,-72.4315709622,2062
03FFAF24,40.8914498003,-72.4308485251,2063
03FFAF24,40.8914794356,-72.4301262129,2064
03FFAF24,40.891508493,-72.4294038592,2065
03FFAF24,40.8915368572,-72.4286814571,2066
03FFAF24,40.8915649989,-72.4279590396,2067
03FFAF24,40.8915939504,-72.4272366786,2068
03FFAF24,40.8916209187,-72.4265141844,2069
03FFAF24,40.8916490846,-72.4257917691,2070
03FFAF24,40.8916777686,-72.4250693874,2071
03FFAF24,40.8917061893,-72.4243469872,2072
03FFAF24,40.8917346878,-72.423624592,2073
03FFAF24,40.8917628728,-72.4229021752,2074
03FFAF24,40.8917910456,-72.4221797573,2075
03FFAF24,40.8918196021,-72.4214573652,2076
03FFAF24,40.8918478071,-72.4207349489,2077
03FFAF24,40.8918762456,-72.4200125486,2078
03FFAF24,40.8919056111,-72.4192902119,2079
03FFAF24,40.8919344722,-72.4185678397,2080
03FFAF24,40.8919630285,-72.4178454461,2081
03FFAF24,40.8919909768,-72.4171230109,2082
03FFAF24,40.8920198,-72.4164006363,2083
03FFAF24,40.89205118,-72.4156784533,2084
03FFAF24,40.8920869662,-72.4149566198,2085
03FFAF24,40.8921233883,-72.4142348391,2086
03FFAF24,40.8921601965,-72.413513092,2087
03FFAF24,40.8921978877,-72.4127914239,2088
03FFAF24,40.8922355142,-72.4120697493,2089
03FFAF24,40.8922727547,-72.4113480394,2090
03FFAF24,40.8923106907,-72.4106263923,2091
03FFAF24,40.8923486907,-72.4099047507,2092
03FFAF24,40.892385662,-72.4091830157,2093
03FFAF24,40.8924226934,-72.4084612855,2094
03FFAF24,40.892459905,-72.4077395709,2095
03FFAF24,40.892496991,-72.4070178448,2096
03FFAF24,40.8925341375,-72.4062961237,2097
03FFAF24,40.8925717319,-72.4055744424,2098
03FFAF24,40.8926092654,-72.4048527552,2099
03FFAF24,40.8926466625,-72.4041310553,2100
03FFAF24,40.8926842546,-72.4034093726,2101
03FFAF24,40.892722039,-72.4026877069,2102
03FFAF24,40.8927596048,-72.401966021,2103
03FFAF24,40.8927967834,-72.4012443002,2104
03FFAF24,40.8928347605,-72.4005226535,2105
03FFAF24,40.8928719898,-72.3998009375,2106
03FFAF24,40.892908965,-72.399079198,2107
03FFAF24,40.8929474274,-72.3983575924,2108
03FFAF24,40.8929850324,-72.3976359099,2109
03FFAF24,40.8930201264,-72.3969140115,2110
03FFAF24,40.8930581625,-72.3961923671,2111
03FFAF24,40.8930964131,-72.39547074,2112
03FFAF24,40.8931378021,-72.3947494688,2113
03FFAF24,40.8932090831,-72.3940328053,2114
03FFAF24,40.8933374586,-72.3933303224,2115
03FFAF24,40.8935215249,-72.3926495316,2116
03FFAF24,40.8937584613,-72.3919980225,2117
03FFAF24,40.8940426665,-72.3913796889,2118
03FFAF24,40.8943505208,-72.3907808272,2119
03FFAF24,40.8946600114,-72.3901833628,2120
03FFAF24,40.8949707408,-72.3895870157,2121
03FFAF24,40.8952799312,-72.3889892781,2122
03FFAF24,40.8955898472,-72.3883921932,2123
03FFAF24,40.8958994964,-72.387794861,2124
03FFAF24,40.8962094162,-72.3871977704,2125
03FFAF24,40.8965191018,-72.3866004647,2126
03FFAF24,40.8968288837,-72.3860032429,2127
03FFAF24,40.8971387138,-72.3854060663,2128
03FFAF24,40.8974487814,-72.384809102,2129
03FFAF24,40.8977587661,-72.3842120569,2130
03FFAF24,40.8980700781,-72.3836162286,2131
03FFAF24,40.8983790715,-72.3830182947,2132
03FFAF24,40.8986797606,-72.3824131076,2133
03FFAF24,40.8989615101,-72.3817923834,2134
03FFAF24,40.8992338047,-72.3811642141,2135
03FFAF24,40.899505513,-72.3805355988,2136
03FFAF24,40.8997773644,-72.3799070885,2137
03FFAF24,40.900049693,-72.3792789347,2138
03FFAF24,40.9003225963,-72.3786512123,2139
03FFAF24,40.9005945175,-72.3780227472,2140
03FFAF24,40.9008667794,-72.3773945354,2141
03FFAF24,40.9011386043,-72.3767659928,2142
03FFAF24,40.9014100816,-72.3761371862,2143
03FFAF24,40.9016820754,-72.3755087652,2144
03FFAF24,40.9019542674,-72.3748804905,2145
03FFAF24,40.9022263153,-72.3742521047,2146
03FFAF24,40.9024983519,-72.3736237082,2147
03FFAF24,40.9027714424,-72.3729961041,2148
03FFAF24,40.9030438405,-72.3723679763,2149
03FFAF24,40.9033157186,-72.3717394544,2150
03FFAF24,40.9035890885,-72.3711120536,2151
03FFAF24,40.9038624455,-72.3704846401,2152
03FFAF24,40.9041357464,-72.3698571816,2153
03FFAF24,40.9044089703,-72.3692296623,2154
03FFAF24,40.90468225,-72.3686021826,2155
03FFAF24,40.9049555632,-72.3679747257,2156
03FFAF24,40.9052289217,-72.3673473005,2157
03FFAF24,40.9055025593,-72.3667200843,2158
03FFAF24,40.9057763314,-72.3660929673,2159
03FFAF24,40.9060495676,-72.365465442,2160
03FFAF24,40.9063226683,-72.3648378116,2161
03FFAF24,40.9065959376,-72.3642103061,2162
03FFAF24,40.9068696833,-72.3635831593,2163
03FFAF24,40.907143402,-72.3629559894,2164
03FFAF24,40.9074166011,-72.3623284231,2165
03FFAF24,40.9076895746,-72.3617006836,2166
03FFAF24,40.9079625693,-72.3610729578,2167
03FFAF24,40.9082360174,-72.3604455722,2168
03FFAF24,40.9085094386,-72.3598181636,2169
03FFAF24,40.9087826883,-72.3591906227,2170
03FFAF24,40.909055378,-72.3585626567,2171
03FFAF24,40.9093298562,-72.3579360501,2172
03FFAF24,40.9096031846,-72.3573085649,2173
03FFAF24,40.9098791456,-72.3566831468,2174
03FFAF24,40.9101835199,-72.3560817724,2175
03FFAF24,40.9105366916,-72.3555290796,2176
03FFAF24,40.9109338558,-72.3550305135,2177
03FFAF24,40.9113539669,-72.354564909,2178
03FFAF24,40.9117780112,-72.3541054085,2179
03FFAF24,40.9122021867,-72.3536461155,2180
03FFAF24,40.9126261127,-72.3531864197,2181
03FFAF24,40.9130496094,-72.3527260342,2182
03FFAF24,40.9134729889,-72.3522654582,2183
03FFAF24,40.9138964474,-72.3518050054,2184
03FFAF24,40.9143198276,-72.3513444249,2185
03FFAF24,40.9147431748,-72.3508837885,2186
03FFAF24,40.915166429,-72.3504230009,2187
03FFAF24,40.9155898734,-72.3499625145,2188
03FFAF24,40.9160136669,-72.3495025833,2189
03FFAF24,40.9164373959,-72.3490425459,2190
03FFAF24,40.9168609742,-72.3485822646,2191
03FFAF24,40.9172840963,-72.3481212527,2192
03FFAF24,40.9177069229,-72.3476597663,2193
03FFAF24,40.9181306628,-72.3471997362,2194
03FFAF24,40.9185543097,-72.3467395539,2195
03FFAF24,40.9189774678,-72.346278587,2196
03FFAF24,40.9194012593,-72.3458186316,2197
03FFAF24,40.919825344,-72.3453591432,2198
03FFAF24,40.9202484016,-72.3448980078,2199
03FFAF24,40.9206715663,-72.34443704,2200
03FFAF24,40.9210946276,-72.3439759044,2201
03FFAF24,40.9215181888,-72.3435155646,2202
03FFAF24,40.9219423867,-72.343056242,2203
03FFAF24,40.9223662051,-72.3425963079,2204
03FFAF24,40.9227897504,-72.3421359335,2205
03FFAF24,40.9232133133,-72.3416755843,2206
03FFAF24,40.9236370038,-72.3412154365,2207
03FFAF24,40.9240607628,-72.3407553961,2208
03FFAF24,40.9244832015,-72.3402932513,2209
03FFAF24,40.9248989425,-72.339820891,2210
03FFAF24,40.9252839605,-72.3393061736,2211
03FFAF24,40.9256261705,-72.3387412209,2212
03FFAF24,40.9259364664,-72.3381443488,2213
03FFAF24,40.9262407218,-72.337541949,2214
03FFAF24,40.9265455337,-72.3369400346,2215
03FFAF24,40.9268503361,-72.3363381092,2216
03FFAF24,40.9271542796,-72.3357354273,2217
03FFAF24,40.9274572955,-72.3351319313,2218
03FFAF24,40.9277617565,-72.334529698,2219
03FFAF24,40.9280665798,-72.3339277809,2220
03FFAF24,40.9283702432,-72.3333248421,2221
03FFAF24,40.9286747192,-72.3327226133,2222
03FFAF24,40.9289793337,-72.3321205031,2223
03FFAF24,40.9292834984,-72.3315179954,2224
03FFAF24,40.929587031,-72.3309149307,2225
03FFAF24,40.9298909915,-72.3303122381,2226
03FFAF24,40.9301952824,-72.3297098326,2227
03FFAF24,40.9304998168,-72.3291076383,2228
03FFAF24,40.9308034342,-72.3285046375,2229
03FFAF24,40.9311074067,-72.3279019457,2230
03FFAF24,40.9314117954,-72.3272996162,2231
03FFAF24,40.9317150508,-72.3266962903,2232
03FFAF24,40.9320193626,-72.3260938876,2233
03FFAF24,40.9323233129,-72.3254911646,2234
03FFAF24,40.9326271599,-72.3248883483,2235
03FFAF24,40.9329317348,-72.324286168,2236
03FFAF24,40.9332353965,-72.3236831837,2237
03FFAF24,40.9335391157,-72.3230802471,2238
03FFAF24,40.9338430376,-72.3224774864,2239
03FFAF24,40.934146437,-72.3218742654,2240
03FFAF24,40.9344484383,-72.321269848,2241
03FFAF24,40.934735084,-72.3206527899,2242
03FFAF24,40.9349948964,-72.3200153897,2243
03FFAF24,40.9352408831,-72.3193683072,2244
03FFAF24,40.9354849194,-72.3187199254,2245
03FFAF24,40.9357286741,-72.3180713566,2246
03FFAF24,40.9359723941,-72.3174227627,2247
03FFAF24,40.9362162673,-72.3167742666,2248
03FFAF24,40.93645975,-72.3161255133,2249
03FFAF24,40.9367031809,-72.3154767236,2250
03FFAF24,40.9369470223,-72.3148281996,2251
03FFAF24,40.9371906871,-72.314179558,2252
03FFAF24,40.9374338773,-72.3135306042,2253
03FFAF24,40.9376772694,-72.3128817797,2254
03FFAF24,40.9379210294,-72.3122331933,2255
03FFAF24,40.9381647736,-72.3115846138,2256
03FFAF24,40.9384194495,-72.3109436589,2257
03FFAF24,40.9387280662,-72.3103474257,2258
03FFAF24,40.9390988762,-72.3098145036,2259
03FFAF24,40.9394798853,-72.3092933902,2260
03FFAF24,40.9398634183,-72.3087755037,2261
03FFAF24,40.9402466934,-72.3082572794,2262
03FFAF24,40.9406307782,-72.3077400955,2263
03FFAF24,40.941015469,-72.3072236927,2264
03FFAF24,40.9413989411,-72.3067057139,2265
03FFAF24,40.9417823272,-72.3061876203,2266
03FFAF24,40.942166709,-72.3056708078,2267
03FFAF24,40.9425507851,-72.3051536003,2268
03FFAF24,40.9429275179,-72.3046272212,2269
03FFAF24,40.943284025,-72.3040770736,2270
03FFAF24,40.9436153739,-72.3035001575,2271
03FFAF24,40.9439222331,-72.3029001594,2272
03FFAF24,40.9442018901,-72.3022774951,2273
03FFAF24,40.9444547302,-72.3016352008,2274
03FFAF24,40.9446824877,-72.3009766197,2275
03FFAF24,40.9449030393,-72.300313677,2276
03FFAF24,40.945122378,-72.2996500314,2277
03FFAF24,40.945340083,-72.2989854492,2278
03FFAF24,40.9455590679,-72.2983215967,2279
03FFAF24,40.9457768565,-72.2976570588,2280
03FFAF24,40.9459944596,-72.2969924114,2281
03FFAF24,40.946212585,-72.2963280589,2282
03FFAF24,40.9464305134,-72.2956635917,2283
03FFAF24,40.9466489382,-72.2949994059,2284
03FFAF24,40.9468674583,-72.2943352725,2285
03FFAF24,40.947084825,-72.2936704815,2286
03FFAF24,40.9472965678,-72.2930025842,2287
03FFAF24,40.9474951422,-72.2923277441,2288
03FFAF24,40.947673261,-72.2916430467,2289
03FFAF24,40.9478322832,-72.2909502194,2290
03FFAF24,40.9479737505,-72.2902507856,2291
03FFAF24,40.9481021614,-72.289546903,2292
03FFAF24,40.9482274531,-72.2888420291,2293
03FFAF24,40.9483517679,-72.2881368525,2294
03FFAF24,40.9484755725,-72.2874315184,2295
03FFAF24,40.9486003,-72.286726468,2296
03FFAF24,40.9487260087,-72.2860217181,2297
03FFAF24,40.9488504345,-72.2853165703,2298
03FFAF24,40.9489747635,-72.2846113913,2299
03FFAF24,40.9490990824,-72.2839062079,2300
03FFAF24,40.9492237691,-72.2832011362,2301
03FFAF24,40.9493484138,-72.2824960503,2302
03FFAF24,40.9494727442,-72.2817908665,2303
03FFAF24,40.949596774,-72.2810855893,2304
03FFAF24,40.9497208073,-72.2803803122,2305
03FFAF24,40.9498457269,-72.2796753057,2306
03FFAF24,40.9499701167,-72.278970135,2307
03FFAF24,40.9500944362,-72.2782649415,2308
03FFAF24,40.950219353,-72.27755993,2309
03FFAF24,40.9503441627,-72.2768548843,2310
03FFAF24,40.9504687233,-72.2761497606,2311
03FFAF24,40.9505929689,-72.275444539,2312
03FFAF24,40.9507177955,-72.2747394945,2313
03FFAF24,40.9508427025,-72.2740344735,2314
03FFAF24,40.9509674267,-72.2733293949,2315
03FFAF24,40.9510912952,-72.2726240527,2316
03FFAF24,40.9512152972,-72.2719187499,2317
03FFAF24,40.9513394387,-72.2712134884,2318
03FFAF24,40.9514635138,-72.2705082052,2319
03FFAF24,40.9515885419,-72.2698032141,2320
03FFAF24,40.9517135231,-72.269098207,2321
03FFAF24,40.9518379971,-72.2683930421,2322
03FFAF24,40.9519623867,-72.26768785,2323
03FFAF24,40.9520866704,-72.2669826241,2324
03FFAF24,40.9522109486,-72.2662773952,2325
03FFAF24,40.9523351192,-72.265572132,2326
03FFAF24,40.9524592142,-72.2648668444,2327
03FFAF24,40.9525836593,-72.264161663,2328
03FFAF24,40.9527086953,-72.2634566619,2329
03FFAF24,40.9528334015,-72.262751558,2330
03FFAF24,40.9529577622,-72.2620463465,2331
03FFAF24,40.953082021,-72.2613411024,2332
03FFAF24,40.9532059509,-72.2606357564,2333
03FFAF24,40.9533299506,-72.2599304304,2334
03FFAF24,40.9534547057,-72.259225335,2335
03FFAF24,40.9535796115,-72.2585202845,2336
03FFAF24,40.9537040091,-72.2578150767,2337
03FFAF24,40.9538280216,-72.2571097492,2338
03FFAF24,40.9539521605,-72.2564044593,2339
03FFAF24,40.9540770474,-72.2556993979,2340
03FFAF24,40.9542020503,-72.2549943707,2341
03FFAF24,40.9543270489,-72.2542893409,2342
03FFAF24,40.9544517053,-72.2535842045,2343
03FFAF24,40.9545759595,-72.2528789432,2344
03FFAF24,40.9547002086,-72.2521736789,2345
03FFAF24,40.9548245295,-72.2514684354,2346
03FFAF24,40.95494897,-72.2507632272,2347
03FFAF24,40.955073408,-72.250058017,2348
03FFAF24,40.9551976638,-72.2493527496,2349
03FFAF24,40.9553217316,-72.2486474232,2350
03FFAF24,40.9554458741,-72.2479421185,2351
03FFAF24,40.9555705368,-72.2472369721,2352
03FFAF24,40.9556952877,-72.2465318514,2353
03FFAF24,40.9558196344,-72.2458266054,2354
03FFAF24,40.9559437119,-72.2451212754,2355
03FFAF24,40.9560678019,-72.2444159479,2356
03FFAF24,40.9561922094,-72.2437107165,2357
03FFAF24,40.9563167353,-72.24300552,2358
03FFAF24,40.9564412159,-72.2423003084,2359
03FFAF24,40.9565656441,-72.2415950793,2360
03FFAF24,40.9566900189,-72.2408898324,2361
03FFAF24,40.9568143034,-72.2401845567,2362
03FFAF24,40.956938775,-72.239479337,2363
03FFAF24,40.9570634256,-72.2387741709,2364
03FFAF24,40.9571880318,-72.2380689899,2365
03FFAF24,40.9573122752,-72.2373636963,2366
03FFAF24,40.9574364292,-72.2366583739,2367
03FFAF24,40.957560584,-72.2359530504,2368
03FFAF24,40.9576847603,-72.2352477322,2369
03FFAF24,40.9578089359,-72.2345424124,2370
03FFAF24,40.9579331071,-72.23383709,2371
03FFAF24,40.9580573102,-72.2331317761,2372
03FFAF24,40.9581821624,-72.2324266604,2373
03FFAF24,40.958307253,-72.2317216168,2374
03FFAF24,40.9584321651,-72.231016517,2375
03FFAF24,40.9585561894,-72.2303111432,2376
03FFAF24,40.9586800862,-72.2296057289,2377
03FFAF24,40.9588042342,-72.2289003902,2378
03FFAF24,40.9589287033,-72.2281951486,2379
03FFAF24,40.9590531728,-72.2274899058,2380
03FFAF24,40.9591777672,-72.2267847,2381
03FFAF24,40.959302422,-72.2260795115,2382
03FFAF24,40.9594267605,-72.2253742248,2383
03FFAF24,40.9595505538,-72.2246687696,2384
03FFAF24,40.9596743699,-72.2239633201,2385
03FFAF24,40.9597982313,-72.2232578831,2386
03FFAF24,40.9599221303,-72.2225524564,2387
03FFAF24,40.9600466042,-72.2218472045,2388
03FFAF24,40.9601712596,-72.221142007,2389
03FFAF24,40.9602957019,-72.2204367427,2390
03FFAF24,40.9604198626,-72.2197313907,2391
03FFAF24,40.9605439727,-72.2190260218,2392
03FFAF24,40.9606677408,-72.2183205472,2393
03FFAF24,40.9607914875,-72.2176150647,2394
03FFAF24,40.9609159965,-72.2169098145,2395
03FFAF24,40.9610407547,-72.2162046394,2396
03FFAF24,40.9611654912,-72.2154994562,2397
03FFAF24,40.9612901091,-72.2147942353,2398
03FFAF24,40.9614147019,-72.2140890053,2399
03FFAF24,40.9615415819,-72.2133844983,2400
03FFAF24,40.961673104,-72.2126814598,2401
03FFAF24,40.9618045705,-72.2119784046,2402
03FFAF24,40.9619256337,-72.2112721826,2403
03FFAF24,40.9620407001,-72.2105641346,2404
03FFAF24,40.9621584716,-72.2098568841,2405
03FFAF24,40.9622828564,-72.2091515846,2406
03FFAF24,40.9624073373,-72.2084463098,2407
03FFAF24,40.9625314041,-72.2077409068,2408
03FFAF24,40.962655233,-72.20703543,2409
03FFAF24,40.9627795963,-72.2063301153,2410
03FFAF24,40.9629029824,-72.2056245007,2411
03FFAF24,40.9630266955,-72.2049189842,2412
03FFAF24,40.9631506872,-72.2042135515,2413
03FFAF24,40.9632749983,-72.2035082153,2414
03FFAF24,40.9633989193,-72.2028027586,2415
03FFAF24,40.9635229611,-72.2020973374,2416
03FFAF24,40.9636471203,-72.2013919508,2417
03FFAF24,40.9637711697,-72.2006865295,2418
03FFAF24,40.9638947877,-72.1999809748,2419
03FFAF24,40.9640186454,-72.1992754918,2420
03FFAF24,40.9641424706,-72.1985699977,2421
03FFAF24,40.9642663741,-72.1978645261,2422
03FFAF24,40.9643901056,-72.197159001,2423
03FFAF24,40.9645137842,-72.1964534605,2424
03FFAF24,40.964638627,-72.1957482781,2425
03FFAF24,40.9647619245,-72.1950426192,2426
03FFAF24,40.9648861429,-72.1943372379,2427
03FFAF24,40.9650096197,-72.1936316282,2428
03FFAF24,40.9651330648,-72.1929260076,2429
03FFAF24,40.9652566402,-72.1922204254,2430
03FFAF24,40.9653803457,-72.1915148816,2431
03FFAF24,40.9655044566,-72.1908094605,2432
03FFAF24,40.9656281953,-72.1901039244,2433
03FFAF24,40.9657516205,-72.1893982913,2434
03FFAF24,40.9658755351,-72.1886928062,2435
03FFAF24,40.9659990503,-72.187987199,2436
03FFAF24,40.9661263312,-72.1872827644,2437
03FFAF24,40.9662641782,-72.186581877,2438
03FFAF24,40.9664197894,-72.1858875095,2439
03FFAF24,40.9665933531,-72.1852005826,2440
03FFAF24,40.9667847725,-72.1845219417,2441
03FFAF24,40.9669866074,-72.1838484955,2442
03FFAF24,40.9671902985,-72.1831760078,2443
03FFAF24,40.9673943649,-72.1825037161,2444
03FFAF24,40.9675988783,-72.1818316591,2445
03FFAF24,40.9678020883,-72.1811589124,2446
03FFAF24,40.9680058064,-72.1804864317,2447
03FFAF24,40.9682103923,-72.1798144069,2448
03FFAF24,40.9684136395,-72.1791416734,2449
03FFAF24,40.968616727,-72.1784688537,2450
03FFAF24,40.9688210602,-72.1777966892,2451
03FFAF24,40.9690257503,-72.1771247109,2452
03FFAF24,40.9692303167,-72.1764526651,2453
03FFAF24,40.9694344602,-72.1757803933,2454
03FFAF24,40.9696385583,-72.1751080955,2455
03FFAF24,40.9698422856,-72.1744356,2456
03FFAF24,40.9700457863,-72.1737629829,2457
03FFAF24,40.9702493018,-72.1730903715,2458
03FFAF24,40.9704528302,-72.1724177649,2459
03FFAF24,40.970656378,-72.1717451664,2460
03FFAF24,40.9708600061,-72.1710726082,2461
03FFAF24,40.9710637243,-72.1704000955,2462
03FFAF24,40.9712680243,-72.1697278881,2463
03FFAF24,40.9714724267,-72.1690557327,2464
03FFAF24,40.9716765011,-72.1683834018,2465
03FFAF24,40.9718803602,-72.1677109551,2466
03FFAF24,40.9720841343,-72.1670384615,2467
03FFAF24,40.9722877903,-72.1663659036,2468
03FFAF24,40.9724915274,-72.1656933864,2469
03FFAF24,40.9726949674,-72.1650207106,2470
03FFAF24,40.9728984611,-72.164348061,2471
03FFAF24,40.9731020773,-72.1636754739,2472
03FFAF24,40.9733057563,-72.1630029178,2473
03FFAF24,40.9735096138,-72.1623304538,2474
03FFAF24,40.9737134777,-72.1616579911,2475
03FFAF24,40.9739173361,-72.1609855235,2476
03FFAF24,40.9741211008,-72.1603130044,2477
03FFAF24,40.9743248046,-72.159640451,2478
03FFAF24,40.9745287239,-72.1589680096,2479
03FFAF24,40.9747334369,-72.1582959859,2480
03FFAF24,40.974938166,-72.1576239687,2481
03FFAF24,40.9751419451,-72.1569514474,2482
03FFAF24,40.9753453706,-72.1562787371,2483
03FFAF24,40.9755490194,-72.1556061428,2484
03FFAF24,40.9757537493,-72.154934118,2485
03FFAF24,40.9759579102,-72.1542617906,2486
03FFAF24,40.9761610902,-72.153588943,2487
03FFAF24,40.9763648645,-72.1529164064,2488
03FFAF24,40.9765688426,-72.1522439752,2489
03FFAF24,40.9767729701,-72.1515716208,2490
03FFAF24,40.9769771535,-72.1508992939,2491
03FFAF24,40.9771810522,-72.1502268148,2492
03FFAF24,40.9773843753,-72.14955403,2493
03FFAF24,40.9775878908,-72.1488813447,2494
03FFAF24,40.9777920271,-72.1482089847,2495
03FFAF24,40.9779961985,-72.1475366412,2496
03FFAF24,40.9782002908,-72.1468642538,2497
03FFAF24,40.9784043342,-72.1461918385,2498
03FFAF24,40.9786083349,-72.1455193985,2499
03FFAF24,40.9788118203,-72.1448466861,2500
03FFAF24,40.9790124526,-72.1441724938,2501
03FFAF24,40.9792040325,-72.1434937922,2502
03FFAF24,40.979377268,-72.1428066002,2503
03FFAF24,40.979531493,-72.1421115556,2504
03FFAF24,40.9796665642,-72.1414096036,2505
03FFAF24,40.9797828085,-72.1407017991,2506
03FFAF24,40.9798807194,-72.1399892034,2507
03FFAF24,40.9799595664,-72.1392724758,2508
03FFAF24,40.9800197631,-72.1385526242,2509
03FFAF24,40.9800605378,-72.1378303663,2510
03FFAF24,40.9800826024,-72.1371067511,2511
03FFAF24,40.9800845268,-72.1363824939,2512
03FFAF24,40.9800781945,-72.1356582266,2513
03FFAF24,40.9800681407,-72.1349340151,2514
03FFAF24,40.9800573052,-72.1342098229,2515
03FFAF24,40.980046807,-72.1334856227,2516
03FFAF24,40.9800372065,-72.1327614005,2517
03FFAF24,40.9800266941,-72.132037201,2518
03FFAF24,40.9800160741,-72.131313004,2519
03FFAF24,40.9800061157,-72.1305887905,2520
03FFAF24,40.9799962893,-72.1298645752,2521
03FFAF24,40.97998513,-72.1291404439,2522
03FFAF24,40.9799752685,-72.1284162338,2523
03FFAF24,40.9799638134,-72.1276920599,2524
03FFAF24,40.9799539537,-72.1269678461,2525
03FFAF24,40.9799428475,-72.1262436637,2526
03FFAF24,40.9799328377,-72.1255194533,2527
03FFAF24,40.9799223578,-72.1247952541,2528
03FFAF24,40.9799119785,-72.1240710522,2529
03FFAF24,40.9799011186,-72.1233468636,2530
03FFAF24,40.9798911739,-72.1226226526,2531
03FFAF24,40.9798806054,-72.1218984555,2532
03FFAF24,40.9798702432,-72.1211742534,2533
03FFAF24,40.9798599075,-72.1204500506,2534
03FFAF24,40.9798494501,-72.119725851,2535
03FFAF24,40.979839308,-72.1190016442,2536
03FFAF24,40.9798302128,-72.118277413,2537
03FFAF24,40.9798207239,-72.117553191,2538
03FFAF24,40.9798103457,-72.1168289899,2539
03FFAF24,40.9798004376,-72.1161047777,2540
03FFAF24,40.9797913286,-72.1153805512,2541
03FFAF24,40.9797921811,-72.1146562994,2542
03FFAF24,40.9798125579,-72.1139325856,2543
03FFAF24,40.9798526247,-72.1132102765,2544
03FFAF24,40.9799123821,-72.1124903647,2545
03FFAF24,40.9799917023,-72.1117737141,2546
03FFAF24,40.9800880105,-72.1110607281,2547
03FFAF24,40.98020436,-72.1103529375,2548
03FFAF24,40.9803391013,-72.1096508402,2549
03FFAF24,40.9804927471,-72.1089555663,2550
03FFAF24,40.9806644713,-72.1082676968,2551
03FFAF24,40.980853282,-72.1075876103,2552
03FFAF24,40.9810491819,-72.1069109659,2553
03FFAF24,40.981246332,-72.1062349524,2554
03FFAF24,40.9814443185,-72.1055593611,2555
03FFAF24,40.9816427022,-72.1048839709,2556
03FFAF24,40.9818393012,-72.1042076752,2557
03FFAF24,40.9820350664,-72.1035309527,2558
03FFAF24,40.9822328994,-72.1028552765,2559
03FFAF24,40.9824302813,-72.1021793673,2560
03FFAF24,40.9826278007,-72.1015035262,2561
03FFAF24,40.9828245499,-72.100827295,2562
03FFAF24,40.9830224508,-72.1001516476,2563
03FFAF24,40.9832196081,-72.0994756165,2564
03FFAF24,40.9834169427,-72.0987996731,2565
03FFAF24,40.9836141951,-72.0981236864,2566
03FFAF24,40.9838106859,-72.0974473118,2567
03FFAF24,40.9840079254,-72.0967713143,2568
03FFAF24,40.9842050193,-72.0960952408,2569
03FFAF24,40.9844015703,-72.0954188898,2570
03FFAF24,40.984598891,-72.0947429282,2571
03FFAF24,40.9847966556,-72.0940671898,2572
03FFAF24,40.9849932122,-72.0933908372,2573
03FFAF24,40.98519062,-72.0927149158,2574
03FFAF24,40.9853870885,-72.0920385146,2575
03FFAF24,40.9855846424,-72.0913626606,2576
03FFAF24,40.9857819427,-72.0906866762,2577
03FFAF24,40.9859786682,-72.0900103975,2578
03FFAF24,40.986175579,-72.0893342108,2579
03FFAF24,40.9863722195,-72.0886578852,2580
03FFAF24,40.9865694017,-72.0879818325,2581
03FFAF24,40.9867667501,-72.087305862,2582
03FFAF24,40.9869638663,-72.0866297715,2583
03FFAF24,40.9871607228,-72.0859535472,2584
03FFAF24,40.9873573462,-72.0852772029,2585
03FFAF24,40.9875535844,-72.0846006617,2586
03FFAF24,40.9877502643,-72.0839243427,2587
03FFAF24,40.9879479111,-72.0832485121,2588
03FFAF24,40.9881449339,-72.0825723627,2589
03FFAF24,40.9883415159,-72.0818959874,2590
03FFAF24,40.9885389663,-72.0812200511,2591
03FFAF24,40.9887359963,-72.0805439,2592
03FFAF24,40.9889320062,-72.0798672296,2593
03FFAF24,40.989128678,-72.0791908919,2594
03FFAF24,40.989325583,-72.0785146703,2595
03FFAF24,40.989523104,-72.0778387597,2596
03FFAF24,40.9897205638,-72.0771628159,2597
03FFAF24,40.9899175236,-72.076486616,2598
03FFAF24,40.9901143945,-72.0758103691,2599
03FFAF24,40.9903111922,-72.075134083,2600
03FFAF24,40.9905078794,-72.0744577389,2601
03FFAF24,40.9907045367,-72.0737813776,2602
03FFAF24,40.9909017435,-72.0731052933,2603
03FFAF24,40.9910990367,-72.0724292508,2604
03FFAF24,40.9912958039,-72.0717529392,2605
03FFAF24,40.9914930504,-72.0710768695,2606
03FFAF24,40.9916909267,-72.070401118,2607
03FFAF24,40.9918881939,-72.0697250542,2608
03FFAF24,40.9920852462,-72.0690488792,2609
03FFAF24,40.9922820901,-72.0683725965,2610
03FFAF24,40.9924785864,-72.0676961358,2611
03FFAF24,40.9926748389,-72.0670195498,2612
03FFAF24,40.9928720633,-72.0663434551,2613
03FFAF24,40.9930698711,-72.0656676545,2614
03FFAF24,40.9932671659,-72.0649915908,2615
03FFAF24,40.9934643559,-72.0643154717,2616
03FFAF24,40.9936615383,-72.0636393467,2617
03FFAF24,40.9938583561,-72.0629630348,2618
03FFAF24,40.9940549025,-72.0622865833,2619
03FFAF24,40.9942515633,-72.0616101878,2620
03FFAF24,40.9944484062,-72.0609338827,2621
03FFAF24,40.994645669,-72.0602577886,2622
03FFAF24,40.9948424891,-72.0595814679,2623
03FFAF24,40.9950391648,-72.0589050721,2624
03FFAF24,40.9952365484,-72.0582290335,2625
03FFAF24,40.9954338263,-72.0575529392,2626
03FFAF24,40.995630629,-72.0568766016,2627
03FFAF24,40.9958278891,-72.0562004942,2628
03FFAF24,40.9960253183,-72.0555244707,2629
03FFAF24,40.9962226083,-72.0548483744,2630
03FFAF24,40.9964191962,-72.0541719202,2631
03FFAF24,40.9966156651,-72.0534954035,2632
03FFAF24,40.9968126307,-72.0528191365,2633
03FFAF24,40.9970096826,-72.0521429112,2634
03FFAF24,40.9972068882,-72.051466762,2635
03FFAF24,40.9974039738,-72.0507905498,2636
03FFAF24,40.9976008813,-72.0501142453,2637
03FFAF24,40.9977975547,-72.0494378201,2638
03FFAF24,40.9979941958,-72.0487613764,2639
03FFAF24,40.9981909327,-72.0480849795,2640
03FFAF24,40.9983880701,-72.0474087836,2641
03FFAF24,40.9985851624,-72.0467325628,2642
03FFAF24,40.9987822384,-72.0460563318,2643
03FFAF24,40.9989793004,-72.0453800916,2644
03FFAF24,40.9991760576,-72.0447036949,2645
03FFAF24,40.9993727868,-72.0440272819,2646
03FFAF24,40.9995697005,-72.0433509605,2647
03FFAF24,40.999766928,-72.0426747965,2648
03FFAF24,40.9999633027,-72.0419981985,2649
03FFAF24,41.000159622,-72.0413215701,2650
03FFAF24,41.0003561937,-72.0406450674,2651
03FFAF24,41.0005536248,-72.0399689991,2652
03FFAF24,41.0007510204,-72.0392929106,2653
03FFAF24,41.0009481336,-72.0386166764,2654
03FFAF24,41.0011450504,-72.0379403405,2655
03FFAF24,41.0013420706,-72.0372640552,2656
03FFAF24,41.0015393432,-72.0365878959,2657
03FFAF24,41.0017363854,-72.0359116177,2658
03FFAF24,41.0019332426,-72.0352352436,2659
03FFAF24,41.0021295555,-72.034558592,2660
03FFAF24,41.00232611,-72.0338820608,2661
03FFAF24,41.0025232667,-72.0332058327,2662
03FFAF24,41.0027203723,-72.0325295766,2663
03FFAF24,41.0029172286,-72.0318531922,2664
03FFAF24,41.0031136546,-72.0311765877,2665
03FFAF24,41.0033101229,-72.0305000026,2666
03FFAF24,41.0035064802,-72.0298233593,2667
03FFAF24,41.003703942,-72.0291472821,2668
03FFAF24,41.003910528,-72.0284760441,2669
03FFAF24,41.0041429846,-72.0278200233,2670
03FFAF24,41.0044118534,-72.0271888601,2671
03FFAF24,41.0047186868,-72.0265886186,2672
03FFAF24,41.0050605996,-72.0260223577,2673
03FFAF24,41.0054369601,-72.0254955025,2674
03FFAF24,41.0058431083,-72.0250086794,2675
03FFAF24,41.0062721502,-72.0245569856,2676
03FFAF24,41.0067111009,-72.0241219097,2677
03FFAF24,41.0071511699,-72.0236887759,2678
03FFAF24,41.0075921403,-72.0232572412,2679
03FFAF24,41.0080324686,-72.0228245637,2680
03FFAF24,41.0084723913,-72.0223911623,2681
03FFAF24,41.0089126435,-72.0219583419,2682
03FFAF24,41.0093531759,-72.0215260157,2683
03FFAF24,41.0097931032,-72.0210926142,2684
03FFAF24,41.0102332636,-72.0206596227,2685
03FFAF24,41.0106738916,-72.0202274581,2686
03FFAF24,41.0111145721,-72.0197953846,2687
03FFAF24,41.0115576633,-72.0193677469,2688
03FFAF24,41.0120159535,-72.0189694416,2689
03FFAF24,41.0124934187,-72.0186127343,2690
03FFAF24,41.0129890671,-72.0183023364,2691
03FFAF24,41.0134997262,-72.0180374688,2692
03FFAF24,41.0140236074,-72.0178226216,2693
03FFAF24,41.0145573514,-72.0176546396,2694
03FFAF24,41.0150986431,-72.0175376991,2695
03FFAF24,41.015645107,-72.0174732761,2696
03FFAF24,41.0161936352,-72.0174586708,2697
03FFAF24,41.0167422493,-72.0174798556,2698
03FFAF24,41.0172905491,-72.0175143314,2699
03FFAF24,41.0178388596,-72.0175485265,2700
03FFAF24,41.0183871704,-72.017582444,2701
03FFAF24,41.0189357655,-72.0176032451,2702
03FFAF24,41.0194842494,-72.0175851733,2703
03FFAF24,41.0200305331,-72.0175185298,2704
03FFAF24,41.020571542,-72.017398351,2705
03FFAF24,41.0211046586,-72.0172272993,2706
03FFAF24,41.0216280663,-72.0170101275,2707
03FFAF24,41.022138375,-72.0167441606,2708
03FFAF24,41.0226330677,-72.0164309732,2709
03FFAF24,41.0231096894,-72.0160721733,2710
03FFAF24,41.0235692471,-72.0156761942,2711
03FFAF24,41.0240197427,-72.0152620707,2712
03FFAF24,41.0244691105,-72.0148458014,2713
03FFAF24,41.0249185225,-72.0144296125,2714
03FFAF24,41.0253677626,-72.0140130976,2715
03FFAF24,41.0258167858,-72.0135961722,2716
03FFAF24,41.0262659942,-72.013179593,2717
03FFAF24,41.0267159655,-72.0127644491,2718
03FFAF24,41.027165095,-72.0123477173,2719
03FFAF24,41.0276144995,-72.0119314995,2720
03FFAF24,41.0280639568,-72.0115153781,2721
03FFAF24,41.0285129881,-72.0110984516,2722
03FFAF24,41.0289623019,-72.0106820534,2723
03FFAF24,41.0294112611,-72.0102649879,2724
03FFAF24,41.0298567495,-72.0098415223,2725
03FFAF24,41.0302925023,-72.0094009411,2726
03FFAF24,41.0307153166,-72.0089388386,2727
03FFAF24,41.031125968,-72.0084580723,2728
03FFAF24,41.0315234594,-72.0079582831,2729
03FFAF24,41.0319074362,-72.0074404447,2730
03FFAF24,41.0322786079,-72.0069065308,2731
03FFAF24,41.0326344805,-72.006354734,2732
03FFAF24,41.0329802766,-72.0057918168,2733
03FFAF24,41.0333230045,-72.005225565,2734
03FFAF24,41.0336661414,-72.0046597421,2735
03FFAF24,41.0340092508,-72.0040938873,2736
03FFAF24,41.0343522748,-72.0035279392,2737
03FFAF24,41.0346952976,-72.0029619871,2738
03FFAF24,41.035038406,-72.0023961225,2739
03FFAF24,41.0353815364,-72.0018302783,2740
03FFAF24,41.0357246713,-72.001264436,2741
03FFAF24,41.0360678397,-72.0006986262,2742
03FFAF24,41.0364110096,-72.0001328151,2743
03FFAF24,41.0367540229,-71.9995668354,2744
03FFAF24,41.0370969125,-71.9990007222,2745
03FFAF24,41.0374397994,-71.9984346032,2746
03FFAF24,41.0377826985,-71.9978684942,2747
03FFAF24,41.0381256621,-71.9973024505,2748
03FFAF24,41.0384686311,-71.9967364095,2749
03FFAF24,41.0388117249,-71.9961704977,2750
03FFAF24,41.0391550796,-71.995604859,2751
03FFAF24,41.039498316,-71.9950390924,2752
03FFAF24,41.0398409963,-71.994472735,2753
03FFAF24,41.0401836482,-71.9939063448,2754
03FFAF24,41.0405268692,-71.9933405532,2755
03FFAF24,41.0408702702,-71.992774949,2756
03FFAF24,41.0412130993,-71.9922087378,2757
03FFAF24,41.0415553983,-71.9916419638,2758
03FFAF24,41.0418977933,-71.991075288,2759
03FFAF24,41.042240326,-71.9905087546,2760
03FFAF24,41.0425778603,-71.9899371991,2761
03FFAF24,41.0428892947,-71.9893409323,2762
03FFAF24,41.043153503,-71.9887062982,2763
03FFAF24,41.0433671492,-71.9880393754,2764
03FFAF24,41.0435253386,-71.9873459757,2765
03FFAF24,41.0436276349,-71.9866345205,2766
03FFAF24,41.0436731916,-71.9859129412,2767
03FFAF24,41.043662593,-71.9851889395,2768
03FFAF24,41.0435938899,-71.9844704508,2769
03FFAF24,41.0434674025,-71.9837658615,2770
03FFAF24,41.0432871655,-71.9830819678,2771
03FFAF24,41.043054477,-71.9824261619,2772
03FFAF24,41.0427695519,-71.9818075309,2773
03FFAF24,41.042440351,-71.9812281041,2774
03FFAF24,41.0420846426,-71.9806761088,2775
03FFAF24,41.0417214633,-71.9801324795,2776
03FFAF24,41.0413587996,-71.9795882475,2777
03FFAF24,41.0409967048,-71.9790433566,2778
03FFAF24,41.0406344343,-71.9784986725,2779
03FFAF24,41.0402721607,-71.9779539951,2780
03FFAF24,41.0399105883,-71.9774085104,2781
03FFAF24,41.0395630653,-71.9768479281,2782
03FFAF24,41.0392691192,-71.9762379579,2783
03FFAF24,41.0390682823,-71.9755663214,2784
03FFAF24,41.0389728385,-71.9748552695,2785
03FFAF24,41.0389870552,-71.9741328754,2786
03FFAF24,41.0390956657,-71.9734236889,2787
03FFAF24,41.0392526615,-71.9727291753,2788
03FFAF24,41.0394177877,-71.9720377758,2789
03FFAF24,41.0395832058,-71.971346496,2790
03FFAF24,41.0397480396,-71.9706549707,2791
03FFAF24,41.0399129265,-71.9699634658,2792
03FFAF24,41.0400782253,-71.9692721309,2793
03FFAF24,41.0402429402,-71.9685805527,2794
03FFAF24,41.0404068597,-71.9678886431,2795
03FFAF24,41.04057252,-71.9671974546,2796
03FFAF24,41.0407369527,-71.9665057534,2797
03FFAF24,41.0409015428,-71.9658141158,2798
03FFAF24,41.0410726376,-71.9651252965,2799
03FFAF24,41.0412639272,-71.9644459966,2800
03FFAF24,41.0414901485,-71.9637858197,2801
03FFAF24,41.0417480626,-71.9631462283,2802
03FFAF24,41.0420410276,-71.9625335343,2803
03FFAF24,41.0423668685,-71.9619504957,2804
03FFAF24,41.0427171823,-71.9613925541,2805
03FFAF24,41.0430785993,-71.9608468741,2806
03FFAF24,41.04343702,-71.9602977546,2807
03FFAF24,41.043789369,-71.9597418966,2808
03FFAF24,41.0441252845,-71.9591686305,2809
03FFAF24,41.0444467184,-71.9585809643,2810
03FFAF24,41.044763361,-71.9579887243,2811
03FFAF24,41.045076419,-71.9573934217,2812
03FFAF24,41.0453637688,-71.9567759231,2813
03FFAF24,41.0456646842,-71.9561699793,2814
03FFAF24,41.0459934201,-71.9555896842,2815
03FFAF24,41.0463443005,-71.9550326743,2816
03FFAF24,41.0467284318,-71.954515555,2817
03FFAF24,41.0470503044,-71.9541238589,2818